1	1.0	1.0	0.5	['A1', 'A2', 'C3', 'E3', 'A3']	['P8', 'm10', 'P12', 'P15', 'm3', 'P5', 'M3', 'M6', 'P4']	[0, 3, 7]	[9, 0, 4]
1	133/100	0.25	0.5	['A1', 'A2', 'C3', 'E3', 'A3']	['P8', 'm10', 'P12', 'P15', 'm3', 'P5', 'M3', 'M6', 'P4']	[0, 3, 7]	[9, 0, 4]
1	167/100	0.25	0.5				
1	2.0	0.5	0.5	['C2', 'C3', 'E3', 'A3', 'E4']	['P8', 'M10', 'M13', 'M17', 'M3', 'M6', 'P4', 'P5']	[0, 3, 7]	[9, 0, 4]
1	233/100	0.25	0.5	['C2', 'C3', 'E3', 'A3', 'E4']	['P8', 'M10', 'M13', 'M17', 'M3', 'M6', 'P4', 'P5']	[0, 3, 7]	[9, 0, 4]
1	267/100	0.25	0.5				
2	1.0	1.0	0.5	['D2', 'D3', 'B3', 'F4', 'A4']	['P8', 'M13', 'm17', 'P19', 'M6', 'm10', 'P12', 'd5', 'm7', 'M3']	[0, 2, 5, 8]	[9, 11, 2, 5]
2	133/100	0.25	0.5	['D2', 'D3', 'B3', 'F4', 'A4']	['P8', 'M13', 'm17', 'P19', 'M6', 'm10', 'P12', 'd5', 'm7', 'M3']	[0, 2, 5, 8]	[9, 11, 2, 5]
2	167/100	0.25	2.0				
3	1.0	1.0	0.5	['E2', 'E3', 'B3', 'E4', 'A4', 'B4']	['P8', 'P12', 'P15', 'P18', 'P19', 'P5', 'P11', 'P4', 'm7', 'M2']	[0, 2, 7]	[9, 11, 4]
3	133/100	0.25	0.5	['E2', 'E3', 'B3', 'E4', 'A4', 'B4']	['P8', 'P12', 'P15', 'P18', 'P19', 'P5', 'P11', 'P4', 'm7', 'M2']	[0, 2, 7]	[9, 11, 4]
3	167/100	0.25	0.5				
3	2.0	0.5	0.5	['F2', 'F3', 'B3', 'D#4', 'A4', 'B4']	['P8', 'A11', 'A13', 'M17', 'A18', 'A4', 'A6', 'M10', 'M3', 'm7', 'd5', 'm6', 'M2']	[0, 2, 6, 8]	[3, 5, 9, 11]
3	233/100	0.25	0.5	['F2', 'F3', 'B3', 'D#4', 'A4', 'B4']	['P8', 'A11', 'A13', 'M17', 'A18', 'A4', 'A6', 'M10', 'M3', 'm7', 'd5', 'm6', 'M2']	[0, 2, 6, 8]	[3, 5, 9, 11]
3	267/100	0.25	0.5				
4	1.0	1.0	0.5	['E2', 'E3', 'E4', 'G#4', 'B4', 'E5']	['P8', 'P15', 'M17', 'P19', 'P22', 'M10', 'P12', 'M3', 'P5', 'm3', 'm6', 'P4']	[0, 3, 7]	[4, 8, 11]
4	133/100	0.25	0.5	['E2', 'E3', 'E4', 'G#4', 'B4', 'E5']	['P8', 'P15', 'M17', 'P19', 'P22', 'M10', 'P12', 'M3', 'P5', 'm3', 'm6', 'P4']	[0, 3, 7]	[4, 8, 11]
4	167/100	0.25	0.5				
4	2.0	0.5	0.25	['E4']	[]	[0]	[4]
4	217/100	0.125	0.25	['F4']	[]	[0]	[5]
4	233/100	0.25	0.25	['E4']	[]	[0]	[4]
4	2.5	0.125	0.25	['F4']	[]	[0]	[5]
4	267/100	0.25	0.25	['E4']	[]	[0]	[4]
4	283/100	0.125	0.25	['F4']	[]	[0]	[5]
5	1.0	1.0	0.25	['E4']	[]	[0]	[4]
5	117/100	0.125	0.25	['F4']	[]	[0]	[5]
5	133/100	0.25	0.25	['G#4']	[]	[0]	[8]
5	1.5	0.125	0.25	['A4']	[]	[0]	[9]
5	167/100	0.25	0.25	['B4']	[]	[0]	[11]
5	183/100	0.125	0.25	['A4']	[]	[0]	[9]
5	2.0	0.5	0.25	['G#4']	[]	[0]	[8]
5	217/100	0.125	0.25	['A4']	[]	[0]	[9]
5	233/100	0.25	0.25	['G#4']	[]	[0]	[8]
5	2.5	0.125	0.25	['F4']	[]	[0]	[5]
5	267/100	0.25	0.25	['E4']	[]	[0]	[4]
5	283/100	0.125	0.25	['D#4']	[]	[0]	[3]
6	1.0	1.0	0.25	['E4']	[]	[0]	[4]
6	117/100	0.125	0.25	['F4']	[]	[0]	[5]
6	133/100	0.25	0.25	['E4']	[]	[0]	[4]
6	1.5	0.125	0.25	['D4']	[]	[0]	[2]
6	167/100	0.25	0.25	['C4']	[]	[0]	[0]
6	183/100	0.125	0.25	['B3']	[]	[0]	[11]
6	2.0	0.5	0.25	['C4']	[]	[0]	[0]
6	217/100	0.125	0.25	['D4']	[]	[0]	[2]
6	233/100	0.25	0.25	['C4']	[]	[0]	[0]
6	2.5	0.125	0.25	['B3']	[]	[0]	[11]
6	267/100	0.25	0.25	['A3']	[]	[0]	[9]
6	283/100	0.125	0.25	['G#3']	[]	[0]	[8]
7	1.0	1.0	0.25	['A1', 'E3']	['P12']	[0, 5]	[4, 9]
7	117/100	0.125	0.25	['A1', 'A3']	['P15']	[0]	[9]
7	133/100	0.25	0.25	['C4']	[]	[0]	[0]
7	1.5	0.125	0.25	['E4']	[]	[0]	[4]
7	167/100	0.25	0.25	['A2', 'C4']	['m10']	[0, 3]	[9, 0]
7	183/100	0.125	0.25	['A2', 'A3']	['P8']	[0]	[9]
7	2.0	0.5	0.25	['A1', 'E3']	['P12']	[0, 5]	[4, 9]
7	217/100	0.125	0.25	['A1', 'A3']	['P15']	[0]	[9]
7	233/100	0.25	0.25	['C4', 'E4']	['M3']	[0, 4]	[0, 4]
7	2.5	0.125	0.25	['E4']	[]	[0]	[4]
7	267/100	0.25	0.25	['A2', 'C4', 'E4']	['m10', 'P12', 'M3']	[0, 3, 7]	[9, 0, 4]
7	283/100	0.125	0.25	['A2', 'A3', 'E4']	['P8', 'P12', 'P5']	[0, 5]	[4, 9]
8	1.0	1.0	0.25	['A1', 'E3', 'C5']	['P12', 'm24', 'm13']	[0, 3, 7]	[9, 0, 4]
8	117/100	0.125	0.25	['A1', 'A3', 'C5']	['P15', 'm24', 'm10']	[0, 3]	[9, 0]
8	133/100	0.25	0.25	['C4', 'C5']	['P8']	[0]	[0]
8	1.5	0.125	0.25	['E4', 'C5']	['m6']	[0, 4]	[0, 4]
8	167/100	0.25	0.25	['A2', 'C4', 'B4']	['m10', 'M16', 'M7']	[0, 1, 3]	[9, 11, 0]
8	183/100	0.125	0.25	['A2', 'A3', 'B4']	['P8', 'M16', 'M9']	[0, 2]	[9, 11]
8	2.0	0.5	0.25	['C2', 'E3', 'A4']	['M10', 'M20', 'P11']	[0, 3, 7]	[9, 0, 4]
8	217/100	0.125	0.25	['C2', 'A3', 'A4']	['M13', 'M20', 'P8']	[0, 3]	[9, 0]
8	233/100	0.25	0.25	['C4', 'G#4']	['A5']	[0, 4]	[8, 0]
8	2.5	0.125	0.25	['E4', 'G#4']	['M3']	[0, 4]	[4, 8]
8	267/100	0.25	0.25	['C3', 'C4', 'A4']	['P8', 'M13', 'M6']	[0, 3]	[9, 0]
8	283/100	0.125	0.25	['C3', 'A3', 'A4']	['M6', 'M13', 'P8']	[0, 3]	[9, 0]
9	1.0	1.0	0.25	['G#1', 'E3', 'B4']	['m13', 'm24', 'P12']	[0, 3, 7]	[4, 8, 11]
9	117/100	0.125	0.25	['G#1', 'B3', 'B4']	['m17', 'm24', 'P8']	[0, 3]	[8, 11]
9	133/100	0.25	0.25	['D4', 'B4']	['M6']	[0, 3]	[11, 2]
9	1.5	0.125	0.25	['E4', 'B4']	['P5']	[0, 5]	[11, 4]
9	167/100	0.25	0.25	['G#2', 'D4', 'E4']	['d12', 'm13', 'M2']	[0, 2, 6]	[2, 4, 8]
9	183/100	0.125	0.25	['G#2', 'B3', 'E4']	['m10', 'm13', 'P4']	[0, 3, 7]	[4, 8, 11]
9	2.0	0.5	0.25	['E1', 'E3']	['P15']	[0]	[4]
9	217/100	0.125	0.25	['E1', 'B3']	['P19']	[0, 5]	[11, 4]
9	233/100	0.25	0.25	['D4', 'E5']	['M9']	[0, 2]	[2, 4]
9	2.5	0.125	0.25	['E4', 'E5']	['P8']	[0]	[4]
9	267/100	0.25	0.25	['E2', 'D4', 'D5']	['m14', 'm21', 'P8']	[0, 2]	[2, 4]
9	283/100	0.125	0.25	['E2', 'B3', 'D5']	['P12', 'm21', 'm10']	[0, 2, 5]	[11, 2, 4]
10	1.0	1.0	0.25	['A1', 'E3', 'C5']	['P12', 'm24', 'm13']	[0, 3, 7]	[9, 0, 4]
10	117/100	0.125	0.25	['A1', 'A3', 'C5']	['P15', 'm24', 'm10']	[0, 3]	[9, 0]
10	133/100	0.25	0.25	['C4', 'C5']	['P8']	[0]	[0]
10	1.5	0.125	0.25	['E4', 'B4']	['P5']	[0, 5]	[11, 4]
10	167/100	0.25	0.25	['A2', 'C4', 'A4']	['m10', 'P15', 'M6']	[0, 3]	[9, 0]
10	183/100	0.125	0.25	['A2', 'A3', 'A4']	['P8', 'P15']	[0]	[9]
10	2.0	0.5	0.25	['D2', 'F3', 'A4']	['m10', 'P19', 'M10']	[0, 3, 7]	[2, 5, 9]
10	217/100	0.125	0.25	['D2', 'A3', 'A4']	['P12', 'P19', 'P8']	[0, 5]	[9, 2]
10	233/100	0.25	0.25	['D4', 'A4']	['P5']	[0, 5]	[9, 2]
10	2.5	0.125	0.25	['F4', 'A4']	['M3']	[0, 4]	[5, 9]
10	267/100	0.25	0.25	['D3', 'D4', 'F5']	['P8', 'm17', 'm10']	[0, 3]	[2, 5]
10	283/100	0.125	0.25	['D3', 'A3', 'F5']	['P5', 'm17', 'm13']	[0, 3, 7]	[2, 5, 9]
11	1.0	1.0	0.25	['E2', 'E3', 'E5']	['P8', 'P22', 'P15']	[0]	[4]
11	117/100	0.125	0.25	['E2', 'G#3', 'E5']	['M10', 'P22', 'm13']	[0, 4]	[4, 8]
11	133/100	0.25	0.25	['B3', 'E5']	['P11']	[0, 5]	[11, 4]
11	1.5	0.125	0.25	['E4', 'E5']	['P8']	[0]	[4]
11	167/100	0.25	0.25	['E3', 'B3', 'B4']	['P5', 'P12', 'P8']	[0, 5]	[11, 4]
11	183/100	0.125	0.25	['E3', 'G#3', 'B4']	['M3', 'P12', 'm10']	[0, 3, 7]	[4, 8, 11]
11	2.0	0.5	0.25	['E2', 'E3']	['P8']	[0]	[4]
11	217/100	0.125	0.25	['E2', 'G#3']	['M10']	[0, 4]	[4, 8]
11	233/100	0.25	0.25	['B3', 'B4']	['P8']	[0]	[11]
11	2.5	0.125	0.25	['E4', 'B4']	['P5']	[0, 5]	[11, 4]
11	267/100	0.25	0.25	['G#1', 'G#2', 'B3', 'B4']	['P8', 'm17', 'm24', 'm10']	[0, 3]	[8, 11]
11	283/100	0.125	0.25	['G#1', 'G#2', 'G#3', 'B4']	['P8', 'P15', 'm24', 'm17', 'm10']	[0, 3]	[8, 11]
12	1.0	1.0	0.25	['A1', 'A2', 'F#3', 'B4']	['P8', 'M13', 'M23', 'M6', 'M16', 'P11']	[0, 2, 5]	[6, 9, 11]
12	117/100	0.125	0.25	['A1', 'A2', 'B3', 'B4']	['P8', 'M16', 'M23', 'M9']	[0, 2]	[9, 11]
12	133/100	0.25	0.25	['D#4', 'B4']	['m6']	[0, 4]	[11, 3]
12	1.5	0.125	0.25	['F#4', 'B4']	['P4']	[0, 5]	[6, 11]
12	167/100	0.25	0.25	['B1', 'B2', 'D#4', 'D#5']	['P8', 'M17', 'M24', 'M10']	[0, 4]	[11, 3]
12	183/100	0.125	0.25	['B1', 'B2', 'B3', 'D#5']	['P8', 'P15', 'M24', 'M17', 'M10']	[0, 4]	[11, 3]
12	2.0	0.5	0.25	['A1', 'A2', 'F#3', 'F#5']	['P8', 'M13', 'M27', 'M6', 'M20', 'P15']	[0, 3]	[6, 9]
12	217/100	0.125	0.25	['A1', 'A2', 'B3', 'F#5']	['P8', 'M16', 'M27', 'M9', 'M20', 'P12']	[0, 2, 5]	[6, 9, 11]
12	233/100	0.25	0.25	['D#4', 'F#5']	['m10']	[0, 3]	[3, 6]
12	2.5	0.125	0.25	['F#4', 'F#5']	['P8']	[0]	[6]
12	267/100	0.25	0.25	['B1', 'B2', 'D#4', 'D#5']	['P8', 'M17', 'M24', 'M10']	[0, 4]	[11, 3]
12	283/100	0.125	0.25	['B1', 'B2', 'B3', 'D#5']	['P8', 'P15', 'M24', 'M17', 'M10']	[0, 4]	[11, 3]
13	1.0	1.0	0.25	['G#1', 'G#2', 'E3', 'E5']	['P8', 'm13', 'm27', 'm6', 'm20', 'P15']	[0, 4]	[4, 8]
13	117/100	0.125	0.25	['G#1', 'G#2', 'G#3', 'E5']	['P8', 'P15', 'm27', 'm20', 'm13']	[0, 4]	[4, 8]
13	133/100	0.25	0.25	['B3', 'E5']	['P11']	[0, 5]	[11, 4]
13	1.5	0.125	0.25	['E4', 'E5']	['P8']	[0]	[4]
13	167/100	0.25	0.25	['B1', 'B2', 'B3', 'B4']	['P8', 'P15', 'P22']	[0]	[11]
13	183/100	0.125	0.25	['B1', 'B2', 'G#3', 'B4']	['P8', 'M13', 'P22', 'M6', 'P15', 'm10']	[0, 3]	[8, 11]
13	2.0	0.5	0.25	['G#1', 'G#2', 'E3']	['P8', 'm13', 'm6']	[0, 4]	[4, 8]
13	217/100	0.125	0.25	['G#1', 'G#2', 'G#3']	['P8', 'P15']	[0]	[8]
13	233/100	0.25	0.25	['B3', 'C#5']	['M9']	[0, 2]	[11, 1]
13	2.5	0.125	0.25	['E4', 'C#5']	['M6']	[0, 3]	[1, 4]
13	267/100	0.25	0.25	['B1', 'B2', 'B3', 'B4']	['P8', 'P15', 'P22']	[0]	[11]
13	283/100	0.125	0.25	['B1', 'B2', 'G#3', 'B4']	['P8', 'M13', 'P22', 'M6', 'P15', 'm10']	[0, 3]	[8, 11]
14	1.0	1.0	0.25	['A1', 'A2', 'F#3', 'B4']	['P8', 'M13', 'M23', 'M6', 'M16', 'P11']	[0, 2, 5]	[6, 9, 11]
14	117/100	0.125	0.25	['A1', 'A2', 'B3', 'B4']	['P8', 'M16', 'M23', 'M9']	[0, 2]	[9, 11]
14	133/100	0.25	0.25	['D#4', 'B4']	['m6']	[0, 4]	[11, 3]
14	1.5	0.125	0.25	['F#4', 'B4']	['P4']	[0, 5]	[6, 11]
14	167/100	0.25	0.25	['B1', 'B2', 'D#4', 'D#5']	['P8', 'M17', 'M24', 'M10']	[0, 4]	[11, 3]
14	183/100	0.125	0.25	['B1', 'B2', 'B3', 'D#5']	['P8', 'P15', 'M24', 'M17', 'M10']	[0, 4]	[11, 3]
14	2.0	0.5	0.25	['A1', 'A2', 'F#3', 'F#5']	['P8', 'M13', 'M27', 'M6', 'M20', 'P15']	[0, 3]	[6, 9]
14	217/100	0.125	0.25	['A1', 'A2', 'B3', 'F#5']	['P8', 'M16', 'M27', 'M9', 'M20', 'P12']	[0, 2, 5]	[6, 9, 11]
14	233/100	0.25	0.25	['D#4', 'F#5']	['m10']	[0, 3]	[3, 6]
14	2.5	0.125	0.25	['F#4', 'F#5']	['P8']	[0]	[6]
14	267/100	0.25	0.25	['B1', 'B2', 'D#4', 'D#5']	['P8', 'M17', 'M24', 'M10']	[0, 4]	[11, 3]
14	283/100	0.125	0.25	['B1', 'B2', 'B3', 'D#5']	['P8', 'P15', 'M24', 'M17', 'M10']	[0, 4]	[11, 3]
15	1.0	1.0	0.25	['G#1', 'G#2', 'E3', 'E5']	['P8', 'm13', 'm27', 'm6', 'm20', 'P15']	[0, 4]	[4, 8]
15	117/100	0.125	0.25	['G#1', 'G#2', 'G#3', 'E5']	['P8', 'P15', 'm27', 'm20', 'm13']	[0, 4]	[4, 8]
15	133/100	0.25	0.25	['B3', 'E5']	['P11']	[0, 5]	[11, 4]
15	1.5	0.125	0.25	['E4', 'E5']	['P8']	[0]	[4]
15	167/100	0.25	0.25	['B1', 'B2', 'B3', 'B4']	['P8', 'P15', 'P22']	[0]	[11]
15	183/100	0.125	0.25	['B1', 'B2', 'G#3', 'B4']	['P8', 'M13', 'P22', 'M6', 'P15', 'm10']	[0, 3]	[8, 11]
15	2.0	0.5	0.25	['G#1', 'G#2', 'E3']	['P8', 'm13', 'm6']	[0, 4]	[4, 8]
15	217/100	0.125	0.25	['G#1', 'G#2', 'G#3']	['P8', 'P15']	[0]	[8]
15	233/100	0.25	0.25	['B3']	[]	[0]	[11]
15	2.5	0.125	0.25	['E4']	[]	[0]	[4]
15	267/100	0.25	0.25	['E2', 'B3']	['P12']	[0, 5]	[11, 4]
15	283/100	0.125	0.25	['E2', 'G#3']	['M10']	[0, 4]	[4, 8]
16	1.0	1.0	0.25	['A1', 'E3', 'C#5']	['P12', 'M24', 'M13']	[0, 3, 7]	[9, 1, 4]
16	117/100	0.125	0.25	['A1', 'A3', 'C#5']	['P15', 'M24', 'M10']	[0, 4]	[9, 1]
16	133/100	0.25	0.25	['C#4', 'C#5']	['P8']	[0]	[1]
16	1.5	0.125	0.25	['E4', 'C#5']	['M6']	[0, 3]	[1, 4]
16	167/100	0.25	0.25	['A2', 'C#4', 'C#5']	['M10', 'M17', 'P8']	[0, 4]	[9, 1]
16	183/100	0.125	0.25	['A2', 'A3', 'C#5']	['P8', 'M17', 'M10']	[0, 4]	[9, 1]
16	2.0	0.5	0.25	['B1', 'E3', 'D5']	['P11', 'm24', 'm14']	[0, 2, 5]	[11, 2, 4]
16	217/100	0.125	0.25	['B1', 'G#3', 'D5']	['M13', 'm24', 'd12']	[0, 3, 6]	[8, 11, 2]
16	233/100	0.25	0.25	['D4', 'C#5']	['M7']	[0, 1]	[1, 2]
16	2.5	0.125	0.25	['E4', 'C#5']	['M6']	[0, 3]	[1, 4]
16	267/100	0.25	0.25	['B2', 'D4', 'D5']	['m10', 'm17', 'P8']	[0, 3]	[11, 2]
16	283/100	0.125	0.25	['B2', 'G#3', 'D5']	['M6', 'm17', 'd12']	[0, 3, 6]	[8, 11, 2]
17	1.0	1.0	0.25	['C#2', 'E3', 'E5']	['m10', 'm24', 'P15']	[0, 3]	[1, 4]
17	117/100	0.125	0.25	['C#2', 'A3', 'E5']	['m13', 'm24', 'P12']	[0, 3, 7]	[9, 1, 4]
17	133/100	0.25	0.25	['C#4', 'E5']	['m10']	[0, 3]	[1, 4]
17	1.5	0.125	0.25	['E4', 'E5']	['P8']	[0]	[4]
17	167/100	0.25	0.25	['C#3', 'C#4', 'C#5']	['P8', 'P15']	[0]	[1]
17	183/100	0.125	0.25	['C#3', 'A3', 'C#5']	['m6', 'P15', 'M10']	[0, 4]	[9, 1]
17	2.0	0.5	0.25	['E3', 'A4']	['P11']	[0, 5]	[4, 9]
17	217/100	0.125	0.25	['A3', 'A4']	['P8']	[0]	[9]
17	233/100	0.25	0.25	['C#4', 'A4']	['m6']	[0, 4]	[9, 1]
17	2.5	0.125	0.25	['E4', 'A4']	['P4']	[0, 5]	[4, 9]
17	267/100	0.25	0.25	['C#4']	[]	[0]	[1]
17	283/100	0.125	0.25	['A3']	[]	[0]	[9]
18	1.0	1.0	0.25	['A1', 'E3', 'C#5']	['P12', 'M24', 'M13']	[0, 3, 7]	[9, 1, 4]
18	117/100	0.125	0.25	['A1', 'A3', 'C#5']	['P15', 'M24', 'M10']	[0, 4]	[9, 1]
18	133/100	0.25	0.25	['C#4', 'C#5']	['P8']	[0]	[1]
18	1.5	0.125	0.25	['E4', 'C#5']	['M6']	[0, 3]	[1, 4]
18	167/100	0.25	0.25	['A2', 'C#4', 'C#5']	['M10', 'M17', 'P8']	[0, 4]	[9, 1]
18	183/100	0.125	0.25	['A2', 'A3', 'C#5']	['P8', 'M17', 'M10']	[0, 4]	[9, 1]
18	2.0	0.5	0.25	['B1', 'E3', 'D5']	['P11', 'm24', 'm14']	[0, 2, 5]	[11, 2, 4]
18	217/100	0.125	0.25	['B1', 'G#3', 'D5']	['M13', 'm24', 'd12']	[0, 3, 6]	[8, 11, 2]
18	233/100	0.25	0.25	['D4', 'C#5']	['M7']	[0, 1]	[1, 2]
18	2.5	0.125	0.25	['E4', 'C#5']	['M6']	[0, 3]	[1, 4]
18	267/100	0.25	0.25	['B2', 'D4', 'D5']	['m10', 'm17', 'P8']	[0, 3]	[11, 2]
18	283/100	0.125	0.25	['B2', 'G#3', 'D5']	['M6', 'm17', 'd12']	[0, 3, 6]	[8, 11, 2]
19	1.0	1.0	0.25	['C#2', 'E3', 'E5']	['m10', 'm24', 'P15']	[0, 3]	[1, 4]
19	117/100	0.125	0.25	['C#2', 'A3', 'E5']	['m13', 'm24', 'P12']	[0, 3, 7]	[9, 1, 4]
19	133/100	0.25	0.25	['C#4', 'E5']	['m10']	[0, 3]	[1, 4]
19	1.5	0.125	0.25	['E4', 'E5']	['P8']	[0]	[4]
19	167/100	0.25	0.25	['C#3', 'C#4', 'C#5']	['P8', 'P15']	[0]	[1]
19	183/100	0.125	0.25	['C#3', 'A3', 'C#5']	['m6', 'P15', 'M10']	[0, 4]	[9, 1]
19	2.0	0.5	0.25	['E3', 'A4']	['P11']	[0, 5]	[4, 9]
19	217/100	0.125	0.25	['A3', 'A4']	['P8']	[0]	[9]
19	233/100	0.25	0.25	['C#4', 'A4']	['m6']	[0, 4]	[9, 1]
19	2.5	0.125	0.25	['E4', 'A4']	['P4']	[0, 5]	[4, 9]
19	267/100	0.25	0.25	['C#4']	[]	[0]	[1]
19	283/100	0.125	0.25	['A3']	[]	[0]	[9]
20	1.0	1.0	0.25	['C2', 'E3', 'A4']	['M10', 'M20', 'P11']	[0, 3, 7]	[9, 0, 4]
20	117/100	0.125	0.25	['C2', 'A3', 'A4']	['M13', 'M20', 'P8']	[0, 3]	[9, 0]
20	133/100	0.25	0.25	['C4', 'A4']	['M6']	[0, 3]	[9, 0]
20	1.5	0.125	0.25	['E4', 'A4']	['P4']	[0, 5]	[4, 9]
20	167/100	0.25	0.25	['C3', 'C4', 'A4']	['P8', 'M13', 'M6']	[0, 3]	[9, 0]
20	183/100	0.125	0.25	['C3', 'A3', 'A4']	['M6', 'M13', 'P8']	[0, 3]	[9, 0]
20	2.0	0.5	0.25	['C2', 'E3', 'E5']	['M10', 'M24', 'P15']	[0, 4]	[0, 4]
20	217/100	0.125	0.25	['C2', 'A3', 'E5']	['M13', 'M24', 'P12']	[0, 3, 7]	[9, 0, 4]
20	233/100	0.25	0.25	['C4', 'E5']	['M10']	[0, 4]	[0, 4]
20	2.5	0.125	0.25	['E4', 'E5']	['P8']	[0]	[4]
20	267/100	0.25	0.25	['C3', 'C4', 'E5']	['P8', 'M17', 'M10']	[0, 4]	[0, 4]
20	283/100	0.125	0.25	['C3', 'A3', 'E5']	['M6', 'M17', 'P12']	[0, 3, 7]	[9, 0, 4]
21	1.0	1.0	0.25	['B1', 'F#3', 'D#5']	['P12', 'M24', 'M13']	[0, 3, 7]	[11, 3, 6]
21	117/100	0.125	0.25	['B1', 'A3', 'D#5']	['m14', 'M24', 'A11']	[0, 2, 6]	[9, 11, 3]
21	133/100	0.25	0.25	['B3', 'D#5']	['M10']	[0, 4]	[11, 3]
21	1.5	0.125	0.25	['D#4', 'D#5']	['P8']	[0]	[3]
21	167/100	0.25	0.25	['B2', 'B3', 'F#5']	['P8', 'P19', 'P12']	[0, 5]	[6, 11]
21	183/100	0.125	0.25	['B2', 'A3', 'F#5']	['m7', 'P19', 'M13']	[0, 2, 5]	[6, 9, 11]
21	2.0	0.5	0.25	['G#1', 'E3', 'F#5']	['m13', 'm28', 'M16']	[0, 2, 4]	[4, 6, 8]
21	217/100	0.125	0.25	['G#1', 'B3', 'F#5']	['m17', 'm28', 'P12']	[0, 2, 5]	[6, 8, 11]
21	233/100	0.25	0.25	['D4', 'F#5']	['M10']	[0, 4]	[2, 6]
21	2.5	0.125	0.25	['E4', 'E5']	['P8']	[0]	[4]
21	267/100	0.25	0.25	['G#2', 'D4', 'D5']	['d12', 'd19', 'P8']	[0, 6]	[2, 8]
21	283/100	0.125	0.25	['G#2', 'B3', 'D5']	['m10', 'd19']	[0, 3, 6]	[8, 11, 2]
22	1.0	1.0	0.25	['A1', 'E3', 'C#5']	['P12', 'M24', 'M13']	[0, 3, 7]	[9, 1, 4]
22	117/100	0.125	0.25	['A1', 'A3', 'C#5']	['P15', 'M24', 'M10']	[0, 4]	[9, 1]
22	133/100	0.25	0.25	['C#4', 'D5']	['m9']	[0, 1]	[1, 2]
22	1.5	0.125	0.25	['E4', 'D5']	['m7']	[0, 2]	[2, 4]
22	167/100	0.25	0.25	['A2', 'C#4', 'C#5']	['M10', 'M17', 'P8']	[0, 4]	[9, 1]
22	183/100	0.125	0.25	['A2', 'A3', 'C#5']	['P8', 'M17', 'M10']	[0, 4]	[9, 1]
22	2.0	0.5	0.25	['D2', 'D3', 'B4']	['P8', 'M20', 'M13']	[0, 3]	[11, 2]
22	217/100	0.125	0.25	['D2', 'F#3', 'B4']	['M10', 'M20', 'P11']	[0, 3, 7]	[11, 2, 6]
22	233/100	0.25	0.25	['B3', 'F#5']	['P12']	[0, 5]	[6, 11]
22	2.5	0.125	0.25	['D4', 'F#5']	['M10']	[0, 4]	[2, 6]
22	267/100	0.25	0.25	['D3', 'B3', 'F#4']	['M6', 'M10', 'P5']	[0, 3, 7]	[11, 2, 6]
22	283/100	0.125	0.25	['D3', 'F#3', 'F#4']	['M3', 'M10', 'P8']	[0, 4]	[2, 6]
23	1.0	1.0	0.25	['E2', 'C#3', 'A4']	['M6', 'P18', 'm13']	[0, 3, 7]	[9, 1, 4]
23	117/100	0.125	0.25	['E2', 'E3', 'A4']	['P8', 'P18', 'P11']	[0, 5]	[4, 9]
23	133/100	0.25	0.25	['A3', 'A4']	['P8']	[0]	[9]
23	1.5	0.125	0.25	['C#4', 'A4']	['m6']	[0, 4]	[9, 1]
23	167/100	0.25	0.25	['E3', 'A3', 'A4']	['P4', 'P11', 'P8']	[0, 5]	[4, 9]
23	183/100	0.125	0.25	['E3', 'A4']	['P11']	[0, 5]	[4, 9]
23	2.0	0.5	0.25	['E2', 'D3', 'A4']	['m7', 'P18', 'P12']	[0, 2, 7]	[2, 4, 9]
23	217/100	0.125	0.25	['E2', 'E3', 'A4']	['P8', 'P18', 'P11']	[0, 5]	[4, 9]
23	233/100	0.25	0.25	['G#3', 'C#5']	['P11']	[0, 5]	[8, 1]
23	2.5	0.125	0.25	['B3', 'C#5']	['M9']	[0, 2]	[11, 1]
23	267/100	0.25	0.25	['E3', 'G#3', 'B4']	['M3', 'P12', 'm10']	[0, 3, 7]	[4, 8, 11]
23	283/100	0.125	0.25	['E3', 'B4']	['P12']	[0, 5]	[11, 4]
24	1.0	1.0	0.25	['A1', 'C#3', 'A4']	['M10', 'P22', 'm13']	[0, 4]	[9, 1]
24	117/100	0.125	0.25	['A1', 'E3', 'A4']	['P12', 'P22', 'P11']	[0, 5]	[4, 9]
24	133/100	0.25	0.25	['A3', 'A4']	['P8']	[0]	[9]
24	1.5	0.125	0.25	['C#4', 'A4']	['m6']	[0, 4]	[9, 1]
24	167/100	0.25	0.25	['A2', 'A3']	['P8']	[0]	[9]
24	183/100	0.125	0.25	['A2', 'E3']	['P5']	[0, 5]	[4, 9]
24	2.0	0.5	0.25	['A1', 'C#3']	['M10']	[0, 4]	[9, 1]
24	217/100	0.125	0.25	['A1', 'E3']	['P12']	[0, 5]	[4, 9]
24	233/100	0.25	0.25	['A3']	[]	[0]	[9]
24	2.5	0.125	0.25	['C#4']	[]	[0]	[1]
24	267/100	0.25	0.25	['A2', 'A3']	['P8']	[0]	[9]
24	283/100	0.125	0.25	['A2', 'E3']	['P5']	[0, 5]	[4, 9]
25	1.0	1.0	0.25	['A1', 'C3']	['m10']	[0, 3]	[9, 0]
25	117/100	0.125	0.25	['A1', 'E3']	['P12']	[0, 5]	[4, 9]
25	133/100	0.25	0.25	['A3']	[]	[0]	[9]
25	1.5	0.125	0.25	['C4']	[]	[0]	[0]
25	167/100	0.25	0.25	['A2', 'A3']	['P8']	[0]	[9]
25	183/100	0.125	0.25	['A2', 'E3']	['P5']	[0, 5]	[4, 9]
25	2.0	0.5	0.25	['A1', 'C3']	['m10']	[0, 3]	[9, 0]
25	217/100	0.125	0.25	['A1', 'E3']	['P12']	[0, 5]	[4, 9]
25	233/100	0.25	0.25	['A3']	[]	[0]	[9]
25	2.5	0.125	0.25	['C4']	[]	[0]	[0]
25	267/100	0.25	0.25	['A2', 'A3']	['P8']	[0]	[9]
25	283/100	0.125	0.25	['A2', 'E3']	['P5']	[0, 5]	[4, 9]
26	1.0	1.0	0.5	['A1', 'A2', 'C3', 'E3', 'A3', 'C4', 'C5']	['P8', 'm10', 'P12', 'P15', 'm17', 'm24', 'm3', 'P5', 'M3', 'M6', 'P4', 'm6', 'm13']	[0, 3, 7]	[9, 0, 4]
26	133/100	0.25	0.5	['A1', 'A2', 'C3', 'E3', 'A3', 'C4', 'C5']	['P8', 'm10', 'P12', 'P15', 'm17', 'm24', 'm3', 'P5', 'M3', 'M6', 'P4', 'm6', 'm13']	[0, 3, 7]	[9, 0, 4]
26	167/100	0.25	0.5				
26	2.0	0.5	0.5	['A1', 'A2', 'C3', 'E3', 'A3', 'C4']	['P8', 'm10', 'P12', 'P15', 'm17', 'm3', 'P5', 'M3', 'M6', 'P4', 'm6']	[0, 3, 7]	[9, 0, 4]
26	233/100	0.25	0.5	['A1', 'A2', 'C3', 'E3', 'A3', 'C4']	['P8', 'm10', 'P12', 'P15', 'm17', 'm3', 'P5', 'M3', 'M6', 'P4', 'm6']	[0, 3, 7]	[9, 0, 4]
26	267/100	0.25	0.5	['C5']	[]	[0]	[0]
27	1.0	1.0	0.5	['A1', 'A2', 'C3', 'E3', 'A3', 'C4', 'C5']	['P8', 'm10', 'P12', 'P15', 'm17', 'm24', 'm3', 'P5', 'M3', 'M6', 'P4', 'm6', 'm13']	[0, 3, 7]	[9, 0, 4]
27	133/100	0.25	0.5	['A1', 'A2', 'C3', 'E3', 'A3', 'C4', 'C5']	['P8', 'm10', 'P12', 'P15', 'm17', 'm24', 'm3', 'P5', 'M3', 'M6', 'P4', 'm6', 'm13']	[0, 3, 7]	[9, 0, 4]
27	167/100	0.25	0.5	['C5']	[]	[0]	[0]
27	2.0	0.5	0.5	['A1', 'A2', 'C3', 'E3', 'A3', 'C4', 'C5']	['P8', 'm10', 'P12', 'P15', 'm17', 'm24', 'm3', 'P5', 'M3', 'M6', 'P4', 'm6', 'm13']	[0, 3, 7]	[9, 0, 4]
27	233/100	0.25	0.5	['A1', 'A2', 'C3', 'E3', 'A3', 'C4', 'B4']	['P8', 'm10', 'P12', 'P15', 'm17', 'M23', 'm3', 'P5', 'M16', 'M3', 'M6', 'M14', 'P4', 'm6', 'M9', 'M7']	[0, 2, 3, 7]	[9, 11, 0, 4]
27	267/100	0.25	0.5	['A4']	[]	[0]	[9]
28	1.0	1.0	0.5	['B1', 'B2', 'D3', 'F3', 'G3', 'D4', 'G4']	['P8', 'm10', 'd12', 'm13', 'm17', 'm20', 'm3', 'd5', 'm6', 'P4', 'P11', 'M2', 'M6', 'M9', 'P5']	[0, 2, 5, 8]	[11, 2, 5, 7]
28	133/100	0.25	0.5	['B1', 'B2', 'D3', 'F3', 'G3', 'D4', 'G4']	['P8', 'm10', 'd12', 'm13', 'm17', 'm20', 'm3', 'd5', 'm6', 'P4', 'P11', 'M2', 'M6', 'M9', 'P5']	[0, 2, 5, 8]	[11, 2, 5, 7]
28	167/100	0.25	0.5				
28	2.0	0.5	0.5	['B1', 'B2', 'F3', 'G3', 'D4', 'F4', 'G4']	['P8', 'd12', 'm13', 'm17', 'd19', 'm20', 'd5', 'm6', 'm10', 'M2', 'M6', 'M9', 'P5', 'm7', 'm3', 'P4']	[0, 2, 5, 8]	[11, 2, 5, 7]
28	233/100	0.25	0.5	['B1', 'B2', 'F3', 'G3', 'D4', 'F4', 'D5']	['P8', 'd12', 'm13', 'm17', 'd19', 'm24', 'd5', 'm6', 'm10', 'M2', 'M6', 'M13', 'P5', 'm7', 'P12', 'm3']	[0, 2, 5, 8]	[11, 2, 5, 7]
28	267/100	0.25	0.5	['F5']	[]	[0]	[5]
29	1.0	1.0	0.5	['C2', 'C3', 'E3', 'G3', 'C4', 'E4', 'E5']	['P8', 'M10', 'P12', 'P15', 'M17', 'M24', 'M3', 'P5', 'm3', 'm6', 'P4', 'M6', 'M13']	[0, 3, 7]	[0, 4, 7]
29	133/100	0.25	0.5	['C2', 'C3', 'E3', 'G3', 'C4', 'E4', 'E5']	['P8', 'M10', 'P12', 'P15', 'M17', 'M24', 'M3', 'P5', 'm3', 'm6', 'P4', 'M6', 'M13']	[0, 3, 7]	[0, 4, 7]
29	167/100	0.25	0.5	['C5']	[]	[0]	[0]
29	2.0	0.5	0.5	['B1', 'B2', 'F3', 'G3', 'D4', 'F4', 'G4']	['P8', 'd12', 'm13', 'm17', 'd19', 'm20', 'd5', 'm6', 'm10', 'M2', 'M6', 'M9', 'P5', 'm7', 'm3', 'P4']	[0, 2, 5, 8]	[11, 2, 5, 7]
29	233/100	0.25	0.5	['B1', 'B2', 'F3', 'G3', 'D4', 'F4', 'D5']	['P8', 'd12', 'm13', 'm17', 'd19', 'm24', 'd5', 'm6', 'm10', 'M2', 'M6', 'M13', 'P5', 'm7', 'P12', 'm3']	[0, 2, 5, 8]	[11, 2, 5, 7]
29	267/100	0.25	0.5	['F5']	[]	[0]	[5]
30	1.0	1.0	0.5	['C2', 'C3', 'E3', 'G3', 'C4', 'E4', 'E5']	['P8', 'M10', 'P12', 'P15', 'M17', 'M24', 'M3', 'P5', 'm3', 'm6', 'P4', 'M6', 'M13']	[0, 3, 7]	[0, 4, 7]
30	133/100	0.25	0.5	['C2', 'C3', 'E3', 'G3', 'C4', 'E4', 'E5']	['P8', 'M10', 'P12', 'P15', 'M17', 'M24', 'M3', 'P5', 'm3', 'm6', 'P4', 'M6', 'M13']	[0, 3, 7]	[0, 4, 7]
30	167/100	0.25	0.5	['C5']	[]	[0]	[0]
30	2.0	0.5	0.5	['C#2', 'C#3', 'G3', 'A3', 'E4', 'E5']	['P8', 'd12', 'm13', 'm17', 'm24', 'd5', 'm6', 'm10', 'M2', 'M6', 'M13', 'P5', 'P12']	[0, 2, 5, 8]	[1, 4, 7, 9]
30	233/100	0.25	0.5	['C#2', 'C#3', 'G3', 'A3', 'E4', 'E5']	['P8', 'd12', 'm13', 'm17', 'm24', 'd5', 'm6', 'm10', 'M2', 'M6', 'M13', 'P5', 'P12']	[0, 2, 5, 8]	[1, 4, 7, 9]
30	267/100	0.25	0.5	['E5']	[]	[0]	[4]
31	1.0	1.0	0.5	['D2', 'D3', 'F3', 'A3', 'F4', 'G5']	['P8', 'm10', 'P12', 'm17', 'P25', 'm3', 'P5', 'P18', 'M3', 'M16', 'm6', 'm14', 'M9']	[0, 2, 4, 7]	[2, 5, 7, 9]
31	133/100	0.25	0.5	['D2', 'D3', 'F3', 'A3', 'F4', 'F5']	['P8', 'm10', 'P12', 'm17', 'm24', 'm3', 'P5', 'M3', 'P15', 'm6', 'm13']	[0, 3, 7]	[2, 5, 9]
31	167/100	0.25	0.5	['E5']	[]	[0]	[4]
31	2.0	0.5	0.5	['B1', 'B2', 'F3', 'G3', 'D4', 'D5']	['P8', 'd12', 'm13', 'm17', 'm24', 'd5', 'm6', 'm10', 'M2', 'M6', 'M13', 'P5', 'P12']	[0, 2, 5, 8]	[11, 2, 5, 7]
31	233/100	0.25	0.5	['B1', 'B2', 'F3', 'G3', 'D4', 'C5']	['P8', 'd12', 'm13', 'm17', 'm23', 'd5', 'm6', 'm10', 'm16', 'M2', 'M6', 'P12', 'P5', 'P11', 'm7']	[0, 1, 3, 6, 8]	[11, 0, 2, 5, 7]
31	267/100	0.25	0.5	['D5']	[]	[0]	[2]
32	1.0	1.0	0.5	['C2', 'C3', 'E3', 'G3', 'E4', 'F5']	['P8', 'M10', 'P12', 'M17', 'P25', 'M3', 'P5', 'P18', 'm3', 'm16', 'M6', 'm14', 'm9']	[0, 2, 3, 7]	[0, 4, 5, 7]
32	133/100	0.25	0.5	['C2', 'C3', 'E3', 'G3', 'E4', 'F5']	['P8', 'M10', 'P12', 'M17', 'P25', 'M3', 'P5', 'P18', 'm3', 'm16', 'M6', 'm14', 'm9']	[0, 2, 3, 7]	[0, 4, 5, 7]
32	167/100	0.25	0.5	['E5']	[]	[0]	[4]
32	2.0	0.5	0.5	['E2', 'E3', 'G#3', 'E4', 'G#4']	['P8', 'M10', 'P15', 'M17', 'M3', 'm6']	[0, 4]	[4, 8]
32	233/100	0.25	0.5	['E2', 'E3', 'G#3', 'E4', 'G#4']	['P8', 'M10', 'P15', 'M17', 'M3', 'm6']	[0, 4]	[4, 8]
32	267/100	0.25	0.5	['E5']	[]	[0]	[4]
33	1.0	1.0	0.5	['F2', 'F3', 'A3', 'E4', 'E5']	['P8', 'M10', 'M14', 'M21', 'M3', 'M7', 'P5', 'P12']	[0, 1, 5]	[4, 5, 9]
33	133/100	0.25	0.5	['F2', 'F3', 'A3', 'E4', 'E5']	['P8', 'M10', 'M14', 'M21', 'M3', 'M7', 'P5', 'P12']	[0, 1, 5]	[4, 5, 9]
33	167/100	0.25	0.5	['A4']	[]	[0]	[9]
33	2.0	0.5	0.5	['G#2', 'G#3', 'B3', 'E4', 'E5']	['P8', 'm10', 'm13', 'm20', 'm3', 'm6', 'P4', 'P11']	[0, 3, 7]	[4, 8, 11]
33	233/100	0.25	0.5	['G#2', 'G#3', 'B3', 'E4', 'E5']	['P8', 'm10', 'm13', 'm20', 'm3', 'm6', 'P4', 'P11']	[0, 3, 7]	[4, 8, 11]
33	267/100	0.25	0.5	['B4']	[]	[0]	[11]
34	1.0	1.0	0.5	['A2', 'A3', 'C4', 'E4', 'C5']	['P8', 'm10', 'P12', 'm17', 'm3', 'P5', 'M3', 'm6']	[0, 3, 7]	[9, 0, 4]
34	133/100	0.25	0.5	['A2', 'A3', 'C4', 'E4', 'C5']	['P8', 'm10', 'P12', 'm17', 'm3', 'P5', 'M3', 'm6']	[0, 3, 7]	[9, 0, 4]
34	167/100	0.25	0.5	['C5']	[]	[0]	[0]
34	2.0	0.5	0.5	['E2', 'E3', 'G#3', 'E4', 'G#4']	['P8', 'M10', 'P15', 'M17', 'M3', 'm6']	[0, 4]	[4, 8]
34	233/100	0.25	0.5	['E2', 'E3', 'G#3', 'E4', 'E5']	['P8', 'M10', 'P15', 'P22', 'M3', 'm6', 'm13']	[0, 4]	[4, 8]
34	267/100	0.25	0.5	['E5']	[]	[0]	[4]
35	1.0	1.0	0.5	['F2', 'F3', 'A3', 'E4', 'E5']	['P8', 'M10', 'M14', 'M21', 'M3', 'M7', 'P5', 'P12']	[0, 1, 5]	[4, 5, 9]
35	133/100	0.25	0.5	['F2', 'F3', 'A3', 'E4', 'E5']	['P8', 'M10', 'M14', 'M21', 'M3', 'M7', 'P5', 'P12']	[0, 1, 5]	[4, 5, 9]
35	167/100	0.25	0.5	['A4']	[]	[0]	[9]
35	2.0	0.5	0.5	['G2', 'F3', 'B3', 'D4', 'F5']	['m7', 'M10', 'P12', 'm21', 'A4', 'M6', 'P15', 'm3', 'd12', 'm10']	[0, 2, 5, 8]	[11, 2, 5, 7]
35	233/100	0.25	0.5	['G2', 'F3', 'B3', 'D4', 'F5']	['m7', 'M10', 'P12', 'm21', 'A4', 'M6', 'P15', 'm3', 'd12', 'm10']	[0, 2, 5, 8]	[11, 2, 5, 7]
35	267/100	0.25	0.5	['B4']	[]	[0]	[11]
36	1.0	1.0	1.0	['C2', 'C3', 'E3', 'G3', 'C4', 'E4', 'C5']	['P8', 'M10', 'P12', 'P15', 'M17', 'P22', 'M3', 'P5', 'm3', 'm6', 'm13', 'P4', 'M6', 'P11']	[0, 3, 7]	[0, 4, 7]
36	167/100	0.25	0.5	['C2', 'C3', 'C4', 'E4']	['P8', 'P15', 'M17', 'M10', 'M3']	[0, 4]	[0, 4]
36	2.0	0.5	0.5	['C2', 'D3', 'B3', 'F4']	['M9', 'M14', 'P18', 'M6', 'm10', 'd5']	[0, 1, 3, 6]	[11, 0, 2, 5]
36	233/100	0.25	0.5	['C2', 'D3', 'A3', 'F4']	['M9', 'M13', 'P18', 'P5', 'm10', 'm6']	[0, 3, 5, 8]	[9, 0, 2, 5]
36	267/100	0.25	0.5	['C2', 'D3', 'B3', 'F4']	['M9', 'M14', 'P18', 'M6', 'm10', 'd5']	[0, 1, 3, 6]	[11, 0, 2, 5]
37	1.0	1.0	0.5	['C2', 'C3', 'C4', 'E4']	['P8', 'P15', 'M17', 'M10', 'M3']	[0, 4]	[0, 4]
37	133/100	0.25	0.5	['C2', 'C3', 'G3', 'C4', 'E4']	['P8', 'P12', 'P15', 'M17', 'P5', 'M10', 'P4', 'M6', 'M3']	[0, 3, 7]	[0, 4, 7]
37	167/100	0.25	0.5	['E2', 'C3', 'E3', 'C4', 'E4']	['m6', 'P8', 'm13', 'P15', 'M3', 'M10']	[0, 4]	[0, 4]
37	2.0	0.5	0.5	['G2', 'G3', 'B3', 'D4']	['P8', 'M10', 'P12', 'M3', 'P5', 'm3']	[0, 3, 7]	[7, 11, 2]
37	233/100	0.25	0.5	['G2', 'G3', 'B3', 'D4', 'G4']	['P8', 'M10', 'P12', 'P15', 'M3', 'P5', 'm3', 'm6', 'P4']	[0, 3, 7]	[7, 11, 2]
37	267/100	0.25	0.5	['G2', 'G3', 'B3', 'D4', 'G4']	['P8', 'M10', 'P12', 'P15', 'M3', 'P5', 'm3', 'm6', 'P4']	[0, 3, 7]	[7, 11, 2]
38	1.0	1.0	1.0	['C2', 'C3', 'C4', 'E4', 'C5']	['P8', 'P15', 'M17', 'P22', 'M10', 'M3', 'm6']	[0, 4]	[0, 4]
38	167/100	0.25	0.5	['C2', 'C3', 'C4', 'E4', 'C5']	['P8', 'P15', 'M17', 'P22', 'M10', 'M3', 'm6']	[0, 4]	[0, 4]
38	2.0	0.5	0.5	['C2', 'D3', 'B3', 'F4', 'B4']	['M9', 'M14', 'P18', 'M21', 'M6', 'm10', 'M13', 'd5', 'P8', 'A4']	[0, 1, 3, 6]	[11, 0, 2, 5]
38	233/100	0.25	0.5	['C2', 'D3', 'A3', 'F4', 'A4']	['M9', 'M13', 'P18', 'M20', 'P5', 'm10', 'P12', 'm6', 'P8', 'M3']	[0, 3, 5, 8]	[9, 0, 2, 5]
38	267/100	0.25	0.5	['C2', 'D3', 'B3', 'F4', 'B4']	['M9', 'M14', 'P18', 'M21', 'M6', 'm10', 'M13', 'd5', 'P8', 'A4']	[0, 1, 3, 6]	[11, 0, 2, 5]
39	1.0	1.0	0.5	['C2', 'C3', 'C4', 'E4', 'C5']	['P8', 'P15', 'M17', 'P22', 'M10', 'M3', 'm6']	[0, 4]	[0, 4]
39	133/100	0.25	0.5	['C2', 'C3', 'G3', 'C4', 'E4', 'G4']	['P8', 'P12', 'P15', 'M17', 'P19', 'P5', 'M10', 'P4', 'M6', 'M3', 'm3']	[0, 3, 7]	[0, 4, 7]
39	167/100	0.25	0.5	['E2', 'E3', 'C4', 'E4']	['P8', 'm13', 'P15', 'm6', 'M3']	[0, 4]	[0, 4]
39	2.0	0.5	0.75	['G2', 'G3', 'B3', 'D4', 'G4']	['P8', 'M10', 'P12', 'P15', 'M3', 'P5', 'm3', 'm6', 'P4']	[0, 3, 7]	[7, 11, 2]
39	2.5	0.125	0.25	['G2', 'G3', 'B3', 'D4', 'G4']	['P8', 'M10', 'P12', 'P15', 'M3', 'P5', 'm3', 'm6', 'P4']	[0, 3, 7]	[7, 11, 2]
39	267/100	0.25	0.25	['G2', 'A3', 'B3', 'D4', 'G4']	['M9', 'M10', 'P12', 'P15', 'M2', 'P4', 'm7', 'm3', 'm6']	[0, 2, 4, 7]	[7, 9, 11, 2]
39	283/100	0.125	0.25	['G2', 'B3', 'D4', 'G4']	['M10', 'P12', 'P15', 'm3', 'm6', 'P4']	[0, 3, 7]	[7, 11, 2]
40	1.0	1.0	0.5	['C2', 'C3', 'C4', 'E4']	['P8', 'P15', 'M17', 'M10', 'M3']	[0, 4]	[0, 4]
40	133/100	0.25	0.5	['C2', 'C3', 'G3', 'C4', 'E4']	['P8', 'P12', 'P15', 'M17', 'P5', 'M10', 'P4', 'M6', 'M3']	[0, 3, 7]	[0, 4, 7]
40	167/100	0.25	0.5	['E2', 'E3', 'C4', 'E4']	['P8', 'm13', 'P15', 'm6', 'M3']	[0, 4]	[0, 4]
40	2.0	0.5	0.75	['G2', 'G3', 'B3', 'D4']	['P8', 'M10', 'P12', 'M3', 'P5', 'm3']	[0, 3, 7]	[7, 11, 2]
40	2.5	0.125	0.25	['A2', 'G3', 'B3', 'D4']	['m7', 'M9', 'P11', 'M3', 'P5', 'm3']	[0, 2, 4, 7]	[7, 9, 11, 2]
40	267/100	0.25	0.25	['G2', 'G3', 'B3', 'D4']	['P8', 'M10', 'P12', 'M3', 'P5', 'm3']	[0, 3, 7]	[7, 11, 2]
40	283/100	0.125	0.25	['F2', 'G3', 'B3', 'D4']	['M9', 'A11', 'M13', 'M3', 'P5', 'm3']	[0, 2, 5, 8]	[11, 2, 5, 7]
41	1.0	1.0	1.0	['E2', 'G3', 'A3', 'D4']	['m10', 'P11', 'm14', 'M2', 'P5', 'P4']	[0, 2, 5, 7]	[2, 4, 7, 9]
41	167/100	0.25	0.5	['A2', 'G3', 'A3', 'C#4']	['m7', 'P8', 'M10', 'M2', 'A4', 'M3']	[0, 2, 6]	[7, 9, 1]
41	2.0	0.5	0.5	['D2', 'F3', 'A3', 'D4']	['m10', 'P12', 'P15', 'M3', 'M6', 'P4']	[0, 3, 7]	[2, 5, 9]
41	233/100	0.25	0.5	['D2', 'F3', 'A3', 'D4', 'A4']	['m10', 'P12', 'P15', 'P19', 'M3', 'M6', 'M10', 'P4', 'P8', 'P5']	[0, 3, 7]	[2, 5, 9]
41	267/100	0.25	0.5	['D2', 'F3', 'A3', 'D4', 'A4']	['m10', 'P12', 'P15', 'P19', 'M3', 'M6', 'M10', 'P4', 'P8', 'P5']	[0, 3, 7]	[2, 5, 9]
42	1.0	1.0	1.0	['D2', 'A2', 'D3', 'D4', 'F4', 'D5']	['P5', 'P8', 'P15', 'm17', 'P22', 'P4', 'P11', 'm13', 'P18', 'm10', 'm3', 'M6']	[0, 3, 7]	[2, 5, 9]
42	167/100	0.25	0.5	['D2', 'A2', 'D3', 'D4', 'F4', 'D5']	['P5', 'P8', 'P15', 'm17', 'P22', 'P4', 'P11', 'm13', 'P18', 'm10', 'm3', 'M6']	[0, 3, 7]	[2, 5, 9]
42	2.0	0.5	0.5	['D2', 'A2', 'E3', 'C#4', 'G4', 'C#5']	['P5', 'M9', 'M14', 'P18', 'M21', 'M10', 'm14', 'M17', 'M6', 'm10', 'M13', 'd5', 'P8', 'A4']	[0, 1, 3, 6, 8]	[1, 2, 4, 7, 9]
42	233/100	0.25	0.5	['D2', 'A2', 'E3', 'B3', 'G4', 'B4']	['P5', 'M9', 'M13', 'P18', 'M20', 'm14', 'M16', 'm10', 'P12', 'm6', 'P8', 'M3']	[0, 2, 4, 7, 9]	[7, 9, 11, 2, 4]
42	267/100	0.25	0.5	['D2', 'A2', 'E3', 'C#4', 'G4', 'C#5']	['P5', 'M9', 'M14', 'P18', 'M21', 'M10', 'm14', 'M17', 'M6', 'm10', 'M13', 'd5', 'P8', 'A4']	[0, 1, 3, 6, 8]	[1, 2, 4, 7, 9]
43	1.0	1.0	0.5	['D2', 'D3', 'D4', 'F4', 'D5']	['P8', 'P15', 'm17', 'P22', 'm10', 'm3', 'M6']	[0, 3]	[2, 5]
43	133/100	0.25	0.5	['D2', 'D3', 'A3', 'D4', 'F4', 'A4']	['P8', 'P12', 'P15', 'm17', 'P19', 'P5', 'm10', 'P4', 'm6', 'm3', 'M3']	[0, 3, 7]	[2, 5, 9]
43	167/100	0.25	0.5	['F2', 'F3', 'D4', 'F4']	['P8', 'M13', 'P15', 'M6', 'm3']	[0, 3]	[2, 5]
43	2.0	0.5	0.75	['A2', 'A3', 'C#4', 'E4', 'A4']	['P8', 'M10', 'P12', 'P15', 'M3', 'P5', 'm3', 'm6', 'P4']	[0, 3, 7]	[9, 1, 4]
43	2.5	0.125	0.25	['A2', 'A3', 'C#4', 'E4', 'A4']	['P8', 'M10', 'P12', 'P15', 'M3', 'P5', 'm3', 'm6', 'P4']	[0, 3, 7]	[9, 1, 4]
43	267/100	0.25	0.25	['A2', 'B3', 'C#4', 'E4', 'A4']	['M9', 'M10', 'P12', 'P15', 'M2', 'P4', 'm7', 'm3', 'm6']	[0, 2, 4, 7]	[9, 11, 1, 4]
43	283/100	0.125	0.25	['A2', 'C#4', 'E4', 'A4']	['M10', 'P12', 'P15', 'm3', 'm6', 'P4']	[0, 3, 7]	[9, 1, 4]
44	1.0	1.0	0.5	['D2', 'D3', 'D4', 'F4']	['P8', 'P15', 'm17', 'm10', 'm3']	[0, 3]	[2, 5]
44	133/100	0.25	0.5	['D2', 'D3', 'A3', 'D4', 'F4']	['P8', 'P12', 'P15', 'm17', 'P5', 'm10', 'P4', 'm6', 'm3']	[0, 3, 7]	[2, 5, 9]
44	167/100	0.25	0.5	['F2', 'F3', 'D4', 'F4']	['P8', 'M13', 'P15', 'M6', 'm3']	[0, 3]	[2, 5]
44	2.0	0.5	1.0	['A2', 'A3', 'C#4', 'E4']	['P8', 'M10', 'P12', 'M3', 'P5', 'm3']	[0, 3, 7]	[9, 1, 4]
44	267/100	0.25	0.25	['B-2', 'A3', 'C#4', 'E4']	['M7', 'A9', 'A11', 'M3', 'P5', 'm3']	[0, 1, 4, 7]	[9, 10, 1, 4]
44	283/100	0.125	0.25	['A2', 'A3', 'C#4', 'E4']	['P8', 'M10', 'P12', 'M3', 'P5', 'm3']	[0, 3, 7]	[9, 1, 4]
45	1.0	1.0	1.0	['G2', 'B-3', 'C4', 'F4']	['m10', 'P11', 'm14', 'M2', 'P5', 'P4']	[0, 2, 5, 7]	[5, 7, 10, 0]
45	167/100	0.25	0.5	['C3', 'B-3', 'C4', 'E4']	['m7', 'P8', 'M10', 'M2', 'A4', 'M3']	[0, 2, 6]	[10, 0, 4]
45	2.0	0.5	0.5	['F2', 'A3', 'C4', 'F4']	['M10', 'P12', 'P15', 'm3', 'm6', 'P4']	[0, 3, 7]	[5, 9, 0]
45	233/100	0.25	0.5	['F2', 'A3', 'C4', 'F4']	['M10', 'P12', 'P15', 'm3', 'm6', 'P4']	[0, 3, 7]	[5, 9, 0]
45	267/100	0.25	0.5	['F2', 'A3', 'C4', 'F4']	['M10', 'P12', 'P15', 'm3', 'm6', 'P4']	[0, 3, 7]	[5, 9, 0]
46	1.0	1.0	1.0	['F1', 'C2', 'F2', 'A3', 'C4', 'F4', 'A4']	['P5', 'P8', 'M17', 'P19', 'P22', 'M24', 'P4', 'M13', 'P15', 'P18', 'M20', 'M10', 'P12', 'm3', 'm6', 'M6', 'M3']	[0, 3, 7]	[5, 9, 0]
46	167/100	0.25	0.5	['F1', 'C2', 'F2', 'A3', 'C4', 'F4', 'A4']	['P5', 'P8', 'M17', 'P19', 'P22', 'M24', 'P4', 'M13', 'P15', 'P18', 'M20', 'M10', 'P12', 'm3', 'm6', 'M6', 'M3']	[0, 3, 7]	[5, 9, 0]
46	2.0	0.5	1.0	['F1', 'C2', 'F2', 'A3', 'C4', 'F4', 'A4']	['P5', 'P8', 'M17', 'P19', 'P22', 'M24', 'P4', 'M13', 'P15', 'P18', 'M20', 'M10', 'P12', 'm3', 'm6', 'M6', 'M3']	[0, 3, 7]	[5, 9, 0]
46	267/100	0.25	0.5	['F1', 'C2', 'F2', 'A3', 'C4', 'F4', 'A4']	['P5', 'P8', 'M17', 'P19', 'P22', 'M24', 'P4', 'M13', 'P15', 'P18', 'M20', 'M10', 'P12', 'm3', 'm6', 'M6', 'M3']	[0, 3, 7]	[5, 9, 0]
47	1.0	1.0	1.0	['F1', 'C2', 'F2', 'A3', 'C4', 'F4', 'A4']	['P5', 'P8', 'M17', 'P19', 'P22', 'M24', 'P4', 'M13', 'P15', 'P18', 'M20', 'M10', 'P12', 'm3', 'm6', 'M6', 'M3']	[0, 3, 7]	[5, 9, 0]
47	167/100	0.25	0.5	['F1', 'C2', 'F2', 'A3', 'C4', 'F4', 'A4']	['P5', 'P8', 'M17', 'P19', 'P22', 'M24', 'P4', 'M13', 'P15', 'P18', 'M20', 'M10', 'P12', 'm3', 'm6', 'M6', 'M3']	[0, 3, 7]	[5, 9, 0]
47	2.0	0.5	0.5	['F1', 'C2', 'F2', 'A3', 'C4', 'F4', 'A4']	['P5', 'P8', 'M17', 'P19', 'P22', 'M24', 'P4', 'M13', 'P15', 'P18', 'M20', 'M10', 'P12', 'm3', 'm6', 'M6', 'M3']	[0, 3, 7]	[5, 9, 0]
47	233/100	0.25	0.5	['F1', 'C2', 'F2', 'A3', 'C4', 'F4', 'A4']	['P5', 'P8', 'M17', 'P19', 'P22', 'M24', 'P4', 'M13', 'P15', 'P18', 'M20', 'M10', 'P12', 'm3', 'm6', 'M6', 'M3']	[0, 3, 7]	[5, 9, 0]
47	267/100	0.25	0.5	['F1', 'C2', 'F2', 'A3', 'C4', 'F4', 'A4']	['P5', 'P8', 'M17', 'P19', 'P22', 'M24', 'P4', 'M13', 'P15', 'P18', 'M20', 'M10', 'P12', 'm3', 'm6', 'M6', 'M3']	[0, 3, 7]	[5, 9, 0]
48	1.0	1.0	1.0	['F1', 'C2', 'F2', 'B-3', 'C4', 'E4', 'G4', 'C5']	['P5', 'P8', 'P18', 'P19', 'M21', 'M23', 'P26', 'P4', 'm14', 'P15', 'M17', 'P22', 'P11', 'P12', 'M14', 'M16', 'M2', 'A4', 'M6', 'M9', 'M3', 'm3', 'm6']	[0, 1, 3, 6, 8]	[4, 5, 7, 10, 0]
48	167/100	0.25	0.5	['F1', 'C2', 'F2', 'B-3', 'C4', 'E4', 'G4', 'B-4']	['P5', 'P8', 'P18', 'P19', 'M21', 'M23', 'P25', 'P4', 'm14', 'P15', 'M17', 'm21', 'P11', 'P12', 'M14', 'M16', 'M2', 'A4', 'M6', 'M3', 'm7', 'm3', 'd5']	[0, 1, 3, 6, 8]	[4, 5, 7, 10, 0]
48	2.0	0.5	1.0	['F1', 'C2', 'F2', 'B-3', 'C4', 'E4', 'G4']	['P5', 'P8', 'P18', 'P19', 'M21', 'M23', 'P4', 'm14', 'P15', 'M17', 'P11', 'P12', 'M14', 'M16', 'M2', 'A4', 'M6', 'M3', 'm3']	[0, 1, 3, 6, 8]	[4, 5, 7, 10, 0]
48	267/100	0.25	0.5	['F1', 'C2', 'F2', 'B-3', 'C4', 'E4', 'G4', 'A4']	['P5', 'P8', 'P18', 'P19', 'M21', 'M23', 'M24', 'P4', 'm14', 'P15', 'M17', 'M20', 'P11', 'P12', 'M14', 'M16', 'M2', 'A4', 'M6', 'M7', 'M3', 'm3']	[0, 1, 3, 5, 6, 8]	[4, 5, 7, 9, 10, 0]
49	1.0	1.0	1.0	['F1', 'C2', 'F2', 'A3', 'C4', 'F4', 'A4']	['P5', 'P8', 'M17', 'P19', 'P22', 'M24', 'P4', 'M13', 'P15', 'P18', 'M20', 'M10', 'P12', 'm3', 'm6', 'M6', 'M3']	[0, 3, 7]	[5, 9, 0]
49	167/100	0.25	0.5	['F1', 'C2', 'F2', 'A3', 'C4', 'F4', 'A4']	['P5', 'P8', 'M17', 'P19', 'P22', 'M24', 'P4', 'M13', 'P15', 'P18', 'M20', 'M10', 'P12', 'm3', 'm6', 'M6', 'M3']	[0, 3, 7]	[5, 9, 0]
49	2.0	0.5	0.5	['F1', 'C2', 'F2', 'A3', 'C4', 'F4', 'A4']	['P5', 'P8', 'M17', 'P19', 'P22', 'M24', 'P4', 'M13', 'P15', 'P18', 'M20', 'M10', 'P12', 'm3', 'm6', 'M6', 'M3']	[0, 3, 7]	[5, 9, 0]
49	233/100	0.25	0.5	['F1', 'C2', 'F2', 'A3', 'C4', 'F4', 'A4']	['P5', 'P8', 'M17', 'P19', 'P22', 'M24', 'P4', 'M13', 'P15', 'P18', 'M20', 'M10', 'P12', 'm3', 'm6', 'M6', 'M3']	[0, 3, 7]	[5, 9, 0]
49	267/100	0.25	0.5	['F1', 'C2', 'F2', 'A3', 'C4', 'F4', 'A4']	['P5', 'P8', 'M17', 'P19', 'P22', 'M24', 'P4', 'M13', 'P15', 'P18', 'M20', 'M10', 'P12', 'm3', 'm6', 'M6', 'M3']	[0, 3, 7]	[5, 9, 0]
50	1.0	1.0	1.0	['F1', 'C2', 'F2', 'B-3', 'C4', 'E4', 'G4', 'C5']	['P5', 'P8', 'P18', 'P19', 'M21', 'M23', 'P26', 'P4', 'm14', 'P15', 'M17', 'P22', 'P11', 'P12', 'M14', 'M16', 'M2', 'A4', 'M6', 'M9', 'M3', 'm3', 'm6']	[0, 1, 3, 6, 8]	[4, 5, 7, 10, 0]
50	167/100	0.25	0.5	['F1', 'C2', 'F2', 'B-3', 'C4', 'E4', 'G4', 'B-4']	['P5', 'P8', 'P18', 'P19', 'M21', 'M23', 'P25', 'P4', 'm14', 'P15', 'M17', 'm21', 'P11', 'P12', 'M14', 'M16', 'M2', 'A4', 'M6', 'M3', 'm7', 'm3', 'd5']	[0, 1, 3, 6, 8]	[4, 5, 7, 10, 0]
50	2.0	0.5	1.0	['F1', 'C2', 'F2', 'B-3', 'C4', 'E4', 'G4']	['P5', 'P8', 'P18', 'P19', 'M21', 'M23', 'P4', 'm14', 'P15', 'M17', 'P11', 'P12', 'M14', 'M16', 'M2', 'A4', 'M6', 'M3', 'm3']	[0, 1, 3, 6, 8]	[4, 5, 7, 10, 0]
50	267/100	0.25	0.5	['F1', 'C2', 'F2', 'B-3', 'C4', 'E4', 'G4', 'A4']	['P5', 'P8', 'P18', 'P19', 'M21', 'M23', 'M24', 'P4', 'm14', 'P15', 'M17', 'M20', 'P11', 'P12', 'M14', 'M16', 'M2', 'A4', 'M6', 'M7', 'M3', 'm3']	[0, 1, 3, 5, 6, 8]	[4, 5, 7, 9, 10, 0]
51	1.0	1.0	1.0	['F1', 'C2', 'F2', 'A3', 'C4', 'F4']	['P5', 'P8', 'M17', 'P19', 'P22', 'P4', 'M13', 'P15', 'P18', 'M10', 'P12', 'm3', 'm6']	[0, 3, 7]	[5, 9, 0]
51	167/100	0.25	0.5	['F1', 'C2', 'F2', 'A3', 'C4', 'F4']	['P5', 'P8', 'M17', 'P19', 'P22', 'P4', 'M13', 'P15', 'P18', 'M10', 'P12', 'm3', 'm6']	[0, 3, 7]	[5, 9, 0]
51	2.0	0.5	0.5	['F1', 'C2', 'F2', 'A3', 'C4', 'F4']	['P5', 'P8', 'M17', 'P19', 'P22', 'P4', 'M13', 'P15', 'P18', 'M10', 'P12', 'm3', 'm6']	[0, 3, 7]	[5, 9, 0]
51	233/100	0.25	0.5	['F1', 'C2', 'F2', 'A3', 'C4', 'F4', 'C5']	['P5', 'P8', 'M17', 'P19', 'P22', 'P26', 'P4', 'M13', 'P15', 'P18', 'M10', 'P12', 'm3', 'm6', 'm10']	[0, 3, 7]	[5, 9, 0]
51	267/100	0.25	0.5	['F1', 'C2', 'F2', 'A3', 'C4', 'F4', 'C5']	['P5', 'P8', 'M17', 'P19', 'P22', 'P26', 'P4', 'M13', 'P15', 'P18', 'M10', 'P12', 'm3', 'm6', 'm10']	[0, 3, 7]	[5, 9, 0]
52	1.0	1.0	1.0	['B-1', 'F2', 'B-2', 'F3', 'B-3', 'D4', 'F4', 'D5']	['P5', 'P8', 'P12', 'P15', 'M17', 'P19', 'M24', 'P4', 'P11', 'M13', 'M20', 'M10', 'M6', 'M3', 'm3']	[0, 3, 7]	[10, 2, 5]
52	167/100	0.25	0.5	['B-1', 'F2', 'B-2', 'F3', 'B-3', 'D4', 'F4', 'D5']	['P5', 'P8', 'P12', 'P15', 'M17', 'P19', 'M24', 'P4', 'P11', 'M13', 'M20', 'M10', 'M6', 'M3', 'm3']	[0, 3, 7]	[10, 2, 5]
52	2.0	0.5	0.5	['B-1', 'F2', 'B-2', 'F3', 'A3', 'C4', 'F4', 'E-5']	['P5', 'P8', 'P12', 'M14', 'M16', 'P19', 'P25', 'P4', 'M10', 'P15', 'm21', 'M7', 'M9', 'P18', 'M3', 'm14', 'm3', 'm6', 'd12', 'm10', 'm7']	[0, 1, 3, 6, 8]	[9, 10, 0, 3, 5]
52	233/100	0.25	0.5	['B-1', 'F2', 'B-2', 'F3', 'B-3', 'D4', 'F4', 'D5']	['P5', 'P8', 'P12', 'P15', 'M17', 'P19', 'M24', 'P4', 'P11', 'M13', 'M20', 'M10', 'M6', 'M3', 'm3']	[0, 3, 7]	[10, 2, 5]
52	267/100	0.25	0.5	['B-1', 'F2', 'B-2', 'F3', 'A3', 'E-4', 'F4', 'C5']	['P5', 'P8', 'P12', 'M14', 'P18', 'P19', 'M23', 'P4', 'M10', 'm14', 'P15', 'M7', 'P11', 'M16', 'M3', 'm7', 'd5', 'm6', 'm10', 'M2', 'M6']	[0, 1, 3, 6, 8]	[9, 10, 0, 3, 5]
53	1.0	1.0	1.5	['B-1', 'B-2', 'F3', 'B-3', 'D4', 'F4', 'D5']	['P8', 'P12', 'P15', 'M17', 'P19', 'M24', 'P5', 'M10', 'P4', 'M6', 'M13', 'M3', 'm3']	[0, 3, 7]	[10, 2, 5]
53	2.0	0.5	1.0	['B-1', 'B-2', 'F3', 'B-3', 'D4', 'F4', 'D5']	['P8', 'P12', 'P15', 'M17', 'P19', 'M24', 'P5', 'M10', 'P4', 'M6', 'M13', 'M3', 'm3']	[0, 3, 7]	[10, 2, 5]
53	267/100	0.25	0.5	['B-1', 'B-2', 'F3', 'B-3', 'D4', 'F4']	['P8', 'P12', 'P15', 'M17', 'P19', 'P5', 'M10', 'P4', 'M6', 'M3', 'm3']	[0, 3, 7]	[10, 2, 5]
54	1.0	1.0	1.5	['G1', 'G2', 'B-3', 'E4', 'G4', 'G5']	['P8', 'm17', 'M20', 'P22', 'P29', 'm10', 'M13', 'P15', 'A4', 'M6', 'm3']	[0, 3, 6]	[4, 7, 10]
54	2.0	0.5	1.0	['G1', 'G2', 'B-3', 'E4', 'G4', 'G5']	['P8', 'm17', 'M20', 'P22', 'P29', 'm10', 'M13', 'P15', 'A4', 'M6', 'm3']	[0, 3, 6]	[4, 7, 10]
54	267/100	0.25	0.5	['G1', 'G2', 'B-3', 'E4', 'G4', 'E5']	['P8', 'm17', 'M20', 'P22', 'M27', 'm10', 'M13', 'P15', 'A4', 'M6', 'A11', 'm3']	[0, 3, 6]	[4, 7, 10]
55	1.0	1.0	1.0	['A1', 'A2', 'A3', 'D4', 'F4', 'D5']	['P8', 'P15', 'P18', 'm20', 'P25', 'P11', 'm13', 'P4', 'm6', 'm3', 'M6']	[0, 3, 7]	[2, 5, 9]
55	167/100	0.25	0.5	['A1', 'A2', 'A3', 'D4', 'F4', 'D5']	['P8', 'P15', 'P18', 'm20', 'P25', 'P11', 'm13', 'P4', 'm6', 'm3', 'M6']	[0, 3, 7]	[2, 5, 9]
55	2.0	0.5	1.0	['A1', 'A2', 'G3', 'A3', 'C#4', 'F5']	['P8', 'm14', 'P15', 'M17', 'm27', 'm7', 'M10', 'm20', 'M2', 'A4', 'M3', 'm13', 'd11']	[0, 2, 4, 8]	[5, 7, 9, 1]
55	267/100	0.25	0.5	['A1', 'A2', 'G3', 'A3', 'C#4', 'E5']	['P8', 'm14', 'P15', 'M17', 'P26', 'm7', 'M10', 'P19', 'M2', 'A4', 'M13', 'M3', 'P12', 'm10']	[0, 2, 5, 8]	[1, 4, 7, 9]
56	1.0	1.0	1.0	['D2', 'D3', 'F3', 'A3', 'D4', 'D5']	['P8', 'm10', 'P12', 'P15', 'P22', 'm3', 'P5', 'M3', 'M6', 'M13', 'P4', 'P11']	[0, 3, 7]	[2, 5, 9]
56	167/100	0.25	0.5				
56	2.0	0.5	1.0	['G1', 'G2', 'B-3', 'E-4', 'G4']	['P8', 'm17', 'm20', 'P22', 'm10', 'm13', 'P15', 'P4', 'M6', 'M3']	[0, 3, 7]	[3, 7, 10]
56	267/100	0.25	0.5	['G1', 'G2', 'B-3', 'E-4', 'G4']	['P8', 'm17', 'm20', 'P22', 'm10', 'm13', 'P15', 'P4', 'M6', 'M3']	[0, 3, 7]	[3, 7, 10]
57	1.0	1.0	1.5	['G1', 'G2', 'B-3', 'E4', 'G4', 'G5']	['P8', 'm17', 'M20', 'P22', 'P29', 'm10', 'M13', 'P15', 'A4', 'M6', 'm3']	[0, 3, 6]	[4, 7, 10]
57	2.0	0.5	1.0	['G1', 'G2', 'B-3', 'E4', 'G4', 'G5']	['P8', 'm17', 'M20', 'P22', 'P29', 'm10', 'M13', 'P15', 'A4', 'M6', 'm3']	[0, 3, 6]	[4, 7, 10]
57	267/100	0.25	0.5	['G1', 'G2', 'B-3', 'E4', 'G4', 'E5']	['P8', 'm17', 'M20', 'P22', 'M27', 'm10', 'M13', 'P15', 'A4', 'M6', 'A11', 'm3']	[0, 3, 6]	[4, 7, 10]
58	1.0	1.0	1.0	['A1', 'A2', 'A3', 'D4', 'F4', 'D5']	['P8', 'P15', 'P18', 'm20', 'P25', 'P11', 'm13', 'P4', 'm6', 'm3', 'M6']	[0, 3, 7]	[2, 5, 9]
58	167/100	0.25	0.5	['A1', 'A2', 'A3', 'D4', 'F4', 'D5']	['P8', 'P15', 'P18', 'm20', 'P25', 'P11', 'm13', 'P4', 'm6', 'm3', 'M6']	[0, 3, 7]	[2, 5, 9]
58	2.0	0.5	1.0	['A1', 'A2', 'G3', 'A3', 'C#4', 'F5']	['P8', 'm14', 'P15', 'M17', 'm27', 'm7', 'M10', 'm20', 'M2', 'A4', 'M3', 'm13', 'd11']	[0, 2, 4, 8]	[5, 7, 9, 1]
58	267/100	0.25	0.5	['A1', 'A2', 'G3', 'A3', 'C#4', 'E5']	['P8', 'm14', 'P15', 'M17', 'P26', 'm7', 'M10', 'P19', 'M2', 'A4', 'M13', 'M3', 'P12', 'm10']	[0, 2, 5, 8]	[1, 4, 7, 9]
59	1.0	1.0	0.25	['D2', 'F3', 'D5']	['m10', 'P22', 'M13']	[0, 3]	[2, 5]
59	117/100	0.125	0.25	['D2', 'A3', 'D5']	['P12', 'P22', 'P11']	[0, 5]	[9, 2]
59	133/100	0.25	0.25	['D3', 'D4', 'D5']	['P8', 'P15']	[0]	[2]
59	1.5	0.125	0.25	['D3', 'F4', 'D5']	['m10', 'P15', 'M6']	[0, 3]	[2, 5]
59	167/100	0.25	0.25	['D4']	[]	[0]	[2]
59	183/100	0.125	0.25	['A3']	[]	[0]	[9]
59	2.0	0.5	0.25	['B1', 'F3']	['d12']	[0, 6]	[5, 11]
59	217/100	0.125	0.25	['B1', 'B3']	['P15']	[0]	[11]
59	233/100	0.25	0.25	['B2', 'D4']	['m10']	[0, 3]	[11, 2]
59	2.5	0.125	0.25	['B2', 'F4']	['d12']	[0, 6]	[5, 11]
59	267/100	0.25	0.25	['D4']	[]	[0]	[2]
59	283/100	0.125	0.25	['B3']	[]	[0]	[11]
60	1.0	1.0	0.25	['G#1', 'E3']	['m13']	[0, 4]	[4, 8]
60	117/100	0.125	0.25	['G#1', 'B3']	['m17']	[0, 3]	[8, 11]
60	133/100	0.25	0.25	['G#2', 'D4']	['d12']	[0, 6]	[2, 8]
60	1.5	0.125	0.25	['G#2', 'E4']	['m13']	[0, 4]	[4, 8]
60	167/100	0.25	0.25	['D4']	[]	[0]	[2]
60	183/100	0.125	0.25	['B3']	[]	[0]	[11]
60	2.0	0.5	0.25	['E2', 'E3']	['P8']	[0]	[4]
60	217/100	0.125	0.25	['E2', 'G#3']	['M10']	[0, 4]	[4, 8]
60	233/100	0.25	0.25	['E3', 'D4', 'E4']	['m7', 'P8', 'M2']	[0, 2]	[2, 4]
60	2.5	0.125	0.25	['E3', 'E4']	['P8']	[0]	[4]
60	267/100	0.25	0.25	['D4', 'E4']	['M2']	[0, 2]	[2, 4]
60	283/100	0.125	0.25	['G#3', 'E4']	['m6']	[0, 4]	[4, 8]
61	1.0	1.0	0.25	['A1', 'E3', 'C5']	['P12', 'm24', 'm13']	[0, 3, 7]	[9, 0, 4]
61	117/100	0.125	0.25	['A1', 'A3', 'C5']	['P15', 'm24', 'm10']	[0, 3]	[9, 0]
61	133/100	0.25	0.25	['A2', 'C4', 'C5']	['m10', 'm17', 'P8']	[0, 3]	[9, 0]
61	1.5	0.125	0.25	['A2', 'E4', 'C5']	['P12', 'm17', 'm6']	[0, 3, 7]	[9, 0, 4]
61	167/100	0.25	0.25	['C4', 'B4']	['M7']	[0, 1]	[11, 0]
61	183/100	0.125	0.25	['A3', 'B4']	['M9']	[0, 2]	[9, 11]
61	2.0	0.5	0.25	['C2', 'E3', 'A4']	['M10', 'M20', 'P11']	[0, 3, 7]	[9, 0, 4]
61	217/100	0.125	0.25	['C2', 'A3', 'A4']	['M13', 'M20', 'P8']	[0, 3]	[9, 0]
61	233/100	0.25	0.25	['C3', 'C4', 'G#4']	['P8', 'A12', 'A5']	[0, 4]	[8, 0]
61	2.5	0.125	0.25	['C3', 'E4', 'G#4']	['M10', 'A12', 'M3']	[0, 4, 8]	[0, 4, 8]
61	267/100	0.25	0.25	['C4', 'A4']	['M6']	[0, 3]	[9, 0]
61	283/100	0.125	0.25	['A3', 'A4']	['P8']	[0]	[9]
62	1.0	1.0	0.25	['G#1', 'E3', 'B4']	['m13', 'm24', 'P12']	[0, 3, 7]	[4, 8, 11]
62	117/100	0.125	0.25	['G#1', 'B3', 'B4']	['m17', 'm24', 'P8']	[0, 3]	[8, 11]
62	133/100	0.25	0.25	['G#2', 'D4', 'B4']	['d12', 'm17', 'M6']	[0, 3, 6]	[8, 11, 2]
62	1.5	0.125	0.25	['G#2', 'E4', 'B4']	['m13', 'm17', 'P5']	[0, 3, 7]	[4, 8, 11]
62	167/100	0.25	0.25	['D4', 'E4']	['M2']	[0, 2]	[2, 4]
62	183/100	0.125	0.25	['B3', 'E4']	['P4']	[0, 5]	[11, 4]
62	2.0	0.5	0.25	['E2', 'E3']	['P8']	[0]	[4]
62	217/100	0.125	0.25	['E2', 'B3']	['P12']	[0, 5]	[11, 4]
62	233/100	0.25	0.25	['E3', 'D4', 'E5']	['m7', 'P15', 'M9']	[0, 2]	[2, 4]
62	2.5	0.125	0.25	['E3', 'E4', 'E5']	['P8', 'P15']	[0]	[4]
62	267/100	0.25	0.25	['D4', 'D5']	['P8']	[0]	[2]
62	283/100	0.125	0.25	['B3', 'D5']	['m10']	[0, 3]	[11, 2]
63	1.0	1.0	0.25	['A1', 'E3', 'C5']	['P12', 'm24', 'm13']	[0, 3, 7]	[9, 0, 4]
63	117/100	0.125	0.25	['A1', 'A3', 'C5']	['P15', 'm24', 'm10']	[0, 3]	[9, 0]
63	133/100	0.25	0.25	['A2', 'C4', 'C5']	['m10', 'm17', 'P8']	[0, 3]	[9, 0]
63	1.5	0.125	0.25	['A2', 'E4', 'B4']	['P12', 'M16', 'P5']	[0, 2, 7]	[9, 11, 4]
63	167/100	0.25	0.25	['C4', 'A4']	['M6']	[0, 3]	[9, 0]
63	183/100	0.125	0.25	['A3', 'A4']	['P8']	[0]	[9]
63	2.0	0.5	0.25	['D2', 'F3', 'A4']	['m10', 'P19', 'M10']	[0, 3, 7]	[2, 5, 9]
63	217/100	0.125	0.25	['D2', 'A3', 'A4']	['P12', 'P19', 'P8']	[0, 5]	[9, 2]
63	233/100	0.25	0.25	['D3', 'D4', 'A4']	['P8', 'P12', 'P5']	[0, 5]	[9, 2]
63	2.5	0.125	0.25	['D3', 'F4', 'A4']	['m10', 'P12', 'M3']	[0, 3, 7]	[2, 5, 9]
63	267/100	0.25	0.25	['D4', 'F5']	['m10']	[0, 3]	[2, 5]
63	283/100	0.125	0.25	['A3', 'F5']	['m13']	[0, 4]	[5, 9]
64	1.0	1.0	0.25	['E2', 'E3', 'E5']	['P8', 'P22', 'P15']	[0]	[4]
64	117/100	0.125	0.25	['E2', 'G#3', 'E5']	['M10', 'P22', 'm13']	[0, 4]	[4, 8]
64	133/100	0.25	0.25	['E3', 'B3', 'E5']	['P5', 'P15', 'P11']	[0, 5]	[11, 4]
64	1.5	0.125	0.25	['E3', 'E4', 'E5']	['P8', 'P15']	[0]	[4]
64	167/100	0.25	0.25	['B3', 'B4']	['P8']	[0]	[11]
64	183/100	0.125	0.25	['G#3', 'B4']	['m10']	[0, 3]	[8, 11]
64	2.0	0.5	0.25	['G#1', 'G#2', 'E3']	['P8', 'm13', 'm6']	[0, 4]	[4, 8]
64	217/100	0.125	0.25	['G#1', 'G#2', 'G#3']	['P8', 'P15']	[0]	[8]
64	233/100	0.25	0.25	['B1', 'B2', 'B3', 'B4']	['P8', 'P15', 'P22']	[0]	[11]
64	2.5	0.125	0.25	['B1', 'B2', 'E4', 'B4']	['P8', 'P18', 'P22', 'P11', 'P15', 'P5']	[0, 5]	[11, 4]
64	267/100	0.25	0.25	['B3', 'B4']	['P8']	[0]	[11]
64	283/100	0.125	0.25	['G#3', 'B4']	['m10']	[0, 3]	[8, 11]
65	1.0	1.0	0.25	['A1', 'A2', 'F#3', 'B4']	['P8', 'M13', 'M23', 'M6', 'M16', 'P11']	[0, 2, 5]	[6, 9, 11]
65	117/100	0.125	0.25	['A1', 'A2', 'B3', 'B4']	['P8', 'M16', 'M23', 'M9']	[0, 2]	[9, 11]
65	133/100	0.25	0.25	['B1', 'B2', 'D#4', 'B4']	['P8', 'M17', 'P22', 'M10', 'P15', 'm6']	[0, 4]	[11, 3]
65	1.5	0.125	0.25	['B1', 'B2', 'F#4', 'B4']	['P8', 'P19', 'P22', 'P12', 'P15', 'P4']	[0, 5]	[6, 11]
65	167/100	0.25	0.25	['D#4', 'D#5']	['P8']	[0]	[3]
65	183/100	0.125	0.25	['B3', 'D#5']	['M10']	[0, 4]	[11, 3]
65	2.0	0.5	0.25	['A1', 'A2', 'F#3', 'F#5']	['P8', 'M13', 'M27', 'M6', 'M20', 'P15']	[0, 3]	[6, 9]
65	217/100	0.125	0.25	['A1', 'A2', 'B3', 'F#5']	['P8', 'M16', 'M27', 'M9', 'M20', 'P12']	[0, 2, 5]	[6, 9, 11]
65	233/100	0.25	0.25	['B1', 'B2', 'D#4', 'F#5']	['P8', 'M17', 'P26', 'M10', 'P19', 'm10']	[0, 3, 7]	[11, 3, 6]
65	2.5	0.125	0.25	['B1', 'B2', 'F#4', 'F#5']	['P8', 'P19', 'P26', 'P12']	[0, 5]	[6, 11]
65	267/100	0.25	0.25	['D#4', 'D#5']	['P8']	[0]	[3]
65	283/100	0.125	0.25	['B3', 'D#5']	['M10']	[0, 4]	[11, 3]
66	1.0	1.0	0.25	['G#1', 'G#2', 'E3', 'E5']	['P8', 'm13', 'm27', 'm6', 'm20', 'P15']	[0, 4]	[4, 8]
66	117/100	0.125	0.25	['G#1', 'G#2', 'G#3', 'E5']	['P8', 'P15', 'm27', 'm20', 'm13']	[0, 4]	[4, 8]
66	133/100	0.25	0.25	['B1', 'B2', 'B3', 'E5']	['P8', 'P15', 'P25', 'P18', 'P11']	[0, 5]	[11, 4]
66	1.5	0.125	0.25	['B1', 'B2', 'E4', 'E5']	['P8', 'P18', 'P25', 'P11']	[0, 5]	[11, 4]
66	167/100	0.25	0.25	['B3', 'B4']	['P8']	[0]	[11]
66	183/100	0.125	0.25	['G#3', 'B4']	['m10']	[0, 3]	[8, 11]
66	2.0	0.5	0.25	['G#1', 'G#2', 'E3']	['P8', 'm13', 'm6']	[0, 4]	[4, 8]
66	217/100	0.125	0.25	['G#1', 'G#2', 'G#3']	['P8', 'P15']	[0]	[8]
66	233/100	0.25	0.25	['B1', 'B2', 'B3', 'C#5']	['P8', 'P15', 'M23', 'M16', 'M9']	[0, 2]	[11, 1]
66	2.5	0.125	0.25	['B1', 'B2', 'E4', 'C#5']	['P8', 'P18', 'M23', 'P11', 'M16', 'M6']	[0, 2, 5]	[11, 1, 4]
66	267/100	0.25	0.25	['B3', 'B4']	['P8']	[0]	[11]
66	283/100	0.125	0.25	['G#3', 'B4']	['m10']	[0, 3]	[8, 11]
67	1.0	1.0	0.25	['A1', 'A2', 'F#3', 'B4']	['P8', 'M13', 'M23', 'M6', 'M16', 'P11']	[0, 2, 5]	[6, 9, 11]
67	117/100	0.125	0.25	['A1', 'A2', 'B3', 'B4']	['P8', 'M16', 'M23', 'M9']	[0, 2]	[9, 11]
67	133/100	0.25	0.25	['B1', 'B2', 'D#4', 'B4']	['P8', 'M17', 'P22', 'M10', 'P15', 'm6']	[0, 4]	[11, 3]
67	1.5	0.125	0.25	['B1', 'B2', 'F#4', 'B4']	['P8', 'P19', 'P22', 'P12', 'P15', 'P4']	[0, 5]	[6, 11]
67	167/100	0.25	0.25	['D#4', 'D#5']	['P8']	[0]	[3]
67	183/100	0.125	0.25	['B3', 'D#5']	['M10']	[0, 4]	[11, 3]
67	2.0	0.5	0.25	['A1', 'A2', 'F#3', 'F#5']	['P8', 'M13', 'M27', 'M6', 'M20', 'P15']	[0, 3]	[6, 9]
67	217/100	0.125	0.25	['A1', 'A2', 'B3', 'F#5']	['P8', 'M16', 'M27', 'M9', 'M20', 'P12']	[0, 2, 5]	[6, 9, 11]
67	233/100	0.25	0.25	['B1', 'B2', 'D#4', 'F#5']	['P8', 'M17', 'P26', 'M10', 'P19', 'm10']	[0, 3, 7]	[11, 3, 6]
67	2.5	0.125	0.25	['B1', 'B2', 'F#4', 'F#5']	['P8', 'P19', 'P26', 'P12']	[0, 5]	[6, 11]
67	267/100	0.25	0.25	['D#4', 'D#5']	['P8']	[0]	[3]
67	283/100	0.125	0.25	['B3', 'D#5']	['M10']	[0, 4]	[11, 3]
68	1.0	1.0	0.25	['G#1', 'G#2', 'E3', 'E5']	['P8', 'm13', 'm27', 'm6', 'm20', 'P15']	[0, 4]	[4, 8]
68	117/100	0.125	0.25	['G#1', 'G#2', 'G#3', 'E5']	['P8', 'P15', 'm27', 'm20', 'm13']	[0, 4]	[4, 8]
68	133/100	0.25	0.25	['B1', 'B2', 'B3', 'E5']	['P8', 'P15', 'P25', 'P18', 'P11']	[0, 5]	[11, 4]
68	1.5	0.125	0.25	['B1', 'B2', 'E4', 'E5']	['P8', 'P18', 'P25', 'P11']	[0, 5]	[11, 4]
68	167/100	0.25	0.25	['B3', 'B4']	['P8']	[0]	[11]
68	183/100	0.125	0.25	['G#3', 'B4']	['m10']	[0, 3]	[8, 11]
68	2.0	0.5	0.25	['G#1', 'E3']	['m13']	[0, 4]	[4, 8]
68	217/100	0.125	0.25	['G#1', 'B3']	['m17']	[0, 3]	[8, 11]
68	233/100	0.25	0.25	['G#2', 'D4', 'E5']	['d12', 'm20', 'M9']	[0, 2, 6]	[2, 4, 8]
68	2.5	0.125	0.25	['G#2', 'E4', 'E5']	['m13', 'm20', 'P8']	[0, 4]	[4, 8]
68	267/100	0.25	0.25	['D4', 'D5']	['P8']	[0]	[2]
68	283/100	0.125	0.25	['B3', 'D5']	['m10']	[0, 3]	[11, 2]
69	1.0	1.0	0.25	['A1', 'E3', 'C5']	['P12', 'm24', 'm13']	[0, 3, 7]	[9, 0, 4]
69	117/100	0.125	0.25	['A1', 'A3', 'C5']	['P15', 'm24', 'm10']	[0, 3]	[9, 0]
69	133/100	0.25	0.25	['A2', 'C4', 'B4']	['m10', 'M16', 'M7']	[0, 1, 3]	[9, 11, 0]
69	1.5	0.125	0.25	['A2', 'E4', 'B4']	['P12', 'M16', 'P5']	[0, 2, 7]	[9, 11, 4]
69	167/100	0.25	0.25	['C4', 'A4']	['M6']	[0, 3]	[9, 0]
69	183/100	0.125	0.25	['A3', 'A4']	['P8']	[0]	[9]
69	2.0	0.5	0.25	['A1', 'F3', 'F5']	['m13', 'm27', 'P15']	[0, 4]	[5, 9]
69	217/100	0.125	0.25	['A1', 'C4', 'F5']	['m17', 'm27', 'P11']	[0, 3, 7]	[5, 9, 0]
69	233/100	0.25	0.25	['A2', 'E4', 'F5']	['P12', 'm20', 'm9']	[0, 1, 5]	[4, 5, 9]
69	2.5	0.125	0.25	['A2', 'F4', 'F5']	['m13', 'm20', 'P8']	[0, 4]	[5, 9]
69	267/100	0.25	0.25	['E4', 'E5']	['P8']	[0]	[4]
69	283/100	0.125	0.25	['C4', 'E5']	['M10']	[0, 4]	[0, 4]
70	1.0	1.0	0.25	['B1', 'F3', 'D5']	['d12', 'm24', 'M13']	[0, 3, 6]	[11, 2, 5]
70	117/100	0.125	0.25	['B1', 'B3', 'D5']	['P15', 'm24', 'm10']	[0, 3]	[11, 2]
70	133/100	0.25	0.25	['B2', 'D4', 'D5']	['m10', 'm17', 'P8']	[0, 3]	[11, 2]
70	1.5	0.125	0.25	['B2', 'F4', 'D5']	['d12', 'm17', 'M6']	[0, 3, 6]	[11, 2, 5]
70	167/100	0.25	0.25	['D4', 'D5']	['P8']	[0]	[2]
70	183/100	0.125	0.25	['B3', 'D5']	['m10']	[0, 3]	[11, 2]
70	2.0	0.5	0.25	['G1', 'G2', 'B3', 'F4', 'G5']	['P8', 'M17', 'm21', 'P29', 'M10', 'm14', 'P22', 'd5', 'm13', 'M9']	[0, 2, 6]	[5, 7, 11]
70	217/100	0.125	0.25	['G1', 'G2', 'G4', 'G5']	['P8', 'P22', 'P29', 'P15']	[0]	[7]
70	233/100	0.25	0.25	['A1', 'A2', 'C4', 'F4', 'G5']	['P8', 'm17', 'm20', 'm28', 'm10', 'm13', 'm21', 'P4', 'P12', 'M9']	[0, 2, 4, 7]	[5, 7, 9, 0]
70	2.5	0.125	0.25	['A1', 'A2', 'G4', 'G5']	['P8', 'm21', 'm28', 'm14']	[0, 2]	[7, 9]
70	267/100	0.25	0.25	['B1', 'B2', 'D4', 'F4', 'F5']	['P8', 'm17', 'd19', 'd26', 'm10', 'd12', 'm3']	[0, 3, 6]	[11, 2, 5]
70	283/100	0.125	0.25	['B1', 'B2', 'G4', 'F5']	['P8', 'm20', 'd26', 'm13', 'd19', 'm7']	[0, 2, 6]	[5, 7, 11]
71	1.0	1.0	0.25	['C2', 'C3', 'E4', 'E5']	['P8', 'M17', 'M24', 'M10']	[0, 4]	[0, 4]
71	117/100	0.125	0.25	['C2', 'C3', 'G4', 'E5']	['P8', 'P19', 'M24', 'P12', 'M17', 'M6']	[0, 3, 7]	[0, 4, 7]
71	133/100	0.25	0.25	['D2', 'D3', 'D4', 'D5']	['P8', 'P15', 'P22']	[0]	[2]
71	1.5	0.125	0.25	['D2', 'D3', 'G4', 'D5']	['P8', 'P18', 'P22', 'P11', 'P15', 'P5']	[0, 5]	[2, 7]
71	167/100	0.25	0.25	['E2', 'E3', 'C4', 'C5']	['P8', 'm13', 'm20', 'm6']	[0, 4]	[0, 4]
71	183/100	0.125	0.25	['E2', 'E3', 'G4', 'C5']	['P8', 'm17', 'm20', 'm10', 'm13', 'P4']	[0, 3, 7]	[0, 4, 7]
71	2.0	0.5	0.25	['F2', 'F3', 'B3', 'D4', 'B4']	['P8', 'A11', 'M13', 'A18', 'A4', 'M6', 'm3']	[0, 3, 6]	[11, 2, 5]
71	217/100	0.125	0.25	['F2', 'F3', 'A4', 'B4']	['P8', 'M17', 'A18', 'M10', 'A11', 'M2']	[0, 2, 6]	[5, 9, 11]
71	233/100	0.25	0.25	['E2', 'E3', 'C4', 'E4', 'C5']	['P8', 'm13', 'P15', 'm20', 'm6', 'M3']	[0, 4]	[0, 4]
71	2.5	0.125	0.25	['E2', 'E3', 'A4', 'C5']	['P8', 'P18', 'm20', 'P11', 'm13', 'm3']	[0, 3, 7]	[9, 0, 4]
71	267/100	0.25	0.25	['D2', 'D3', 'B3', 'F4', 'D5']	['P8', 'M13', 'm17', 'P22', 'M6', 'm10', 'P15', 'd5']	[0, 3, 6]	[11, 2, 5]
71	283/100	0.125	0.25	['D2', 'D3', 'A4', 'D5']	['P8', 'P19', 'P22', 'P12', 'P15', 'P4']	[0, 5]	[9, 2]
72	1.0	1.0	0.25	['C2', 'C3', 'A3', 'E5']	['P8', 'M13', 'M24', 'M6', 'M17', 'P12']	[0, 3, 7]	[9, 0, 4]
72	117/100	0.125	0.25	['C2', 'C3', 'C4', 'E5']	['P8', 'P15', 'M24', 'M17', 'M10']	[0, 4]	[0, 4]
72	133/100	0.25	0.25	['C2', 'C3', 'E4', 'E5']	['P8', 'M17', 'M24', 'M10']	[0, 4]	[0, 4]
72	1.5	0.125	0.25	['C2', 'C3', 'A4', 'E5']	['P8', 'M20', 'M24', 'M13', 'M17', 'P5']	[0, 3, 7]	[9, 0, 4]
72	167/100	0.25	0.25	['C2', 'C3', 'E4', 'E5']	['P8', 'M17', 'M24', 'M10']	[0, 4]	[0, 4]
72	183/100	0.125	0.25	['C2', 'C3', 'C4', 'E5']	['P8', 'P15', 'M24', 'M17', 'M10']	[0, 4]	[0, 4]
72	2.0	0.5	0.25	['E2', 'E3', 'B3', 'E5']	['P8', 'P12', 'P22', 'P5', 'P15', 'P11']	[0, 5]	[11, 4]
72	217/100	0.125	0.25	['E2', 'E3', 'D4', 'E5']	['P8', 'm14', 'P22', 'm7', 'P15', 'M9']	[0, 2]	[2, 4]
72	233/100	0.25	0.25	['E2', 'E3', 'E4', 'E5']	['P8', 'P15', 'P22']	[0]	[4]
72	2.5	0.125	0.25	['E2', 'E3', 'G#4', 'E5']	['P8', 'M17', 'P22', 'M10', 'P15', 'm6']	[0, 4]	[4, 8]
72	267/100	0.25	0.25	['E2', 'E3', 'E4', 'G#4']	['P8', 'P15', 'M17', 'M10', 'M3']	[0, 4]	[4, 8]
72	283/100	0.125	0.25	['E2', 'E3', 'D4', 'G#4']	['P8', 'm14', 'M17', 'm7', 'M10', 'A4']	[0, 2, 6]	[2, 4, 8]
73	1.0	1.0	0.25	['A1', 'A3', 'A4']	['P15', 'P22', 'P8']	[0]	[9]
73	117/100	0.125	0.25	['A1', 'C4', 'A4']	['m17', 'P22', 'M6']	[0, 3]	[9, 0]
73	133/100	0.25	0.25	['A2', 'E4', 'A4']	['P12', 'P15', 'P4']	[0, 5]	[4, 9]
73	1.5	0.125	0.25	['A2', 'A4']	['P15']	[0]	[9]
73	167/100	0.25	0.25	['E4']	[]	[0]	[4]
73	183/100	0.125	0.25	['C4']	[]	[0]	[0]
73	2.0	0.5	0.25	['G#1', 'E3', 'E5']	['m13', 'm27', 'P15']	[0, 4]	[4, 8]
73	217/100	0.125	0.25	['G#1', 'B3', 'E5']	['m17', 'm27', 'P11']	[0, 3, 7]	[4, 8, 11]
73	233/100	0.25	0.25	['G#2', 'D4', 'E5']	['d12', 'm20', 'M9']	[0, 2, 6]	[2, 4, 8]
73	2.5	0.125	0.25	['G#2', 'E4', 'E5']	['m13', 'm20', 'P8']	[0, 4]	[4, 8]
73	267/100	0.25	0.25	['D4', 'D5']	['P8']	[0]	[2]
73	283/100	0.125	0.25	['B3', 'D5']	['m10']	[0, 3]	[11, 2]
74	1.0	1.0	0.25	['A1', 'E3', 'C5']	['P12', 'm24', 'm13']	[0, 3, 7]	[9, 0, 4]
74	117/100	0.125	0.25	['A1', 'A3', 'C5']	['P15', 'm24', 'm10']	[0, 3]	[9, 0]
74	133/100	0.25	0.25	['A2', 'C4', 'B4']	['m10', 'M16', 'M7']	[0, 1, 3]	[9, 11, 0]
74	1.5	0.125	0.25	['A2', 'E4', 'B4']	['P12', 'M16', 'P5']	[0, 2, 7]	[9, 11, 4]
74	167/100	0.25	0.25	['C4', 'A4']	['M6']	[0, 3]	[9, 0]
74	183/100	0.125	0.25	['A3', 'A4']	['P8']	[0]	[9]
74	2.0	0.5	0.25	['A1', 'F3', 'F5']	['m13', 'm27', 'P15']	[0, 4]	[5, 9]
74	217/100	0.125	0.25	['A1', 'C4', 'F5']	['m17', 'm27', 'P11']	[0, 3, 7]	[5, 9, 0]
74	233/100	0.25	0.25	['A2', 'E4', 'F5']	['P12', 'm20', 'm9']	[0, 1, 5]	[4, 5, 9]
74	2.5	0.125	0.25	['A2', 'F4', 'F5']	['m13', 'm20', 'P8']	[0, 4]	[5, 9]
74	267/100	0.25	0.25	['E4', 'E5']	['P8']	[0]	[4]
74	283/100	0.125	0.25	['C4', 'E5']	['M10']	[0, 4]	[0, 4]
75	1.0	1.0	0.25	['B1', 'F3', 'D5']	['d12', 'm24', 'M13']	[0, 3, 6]	[11, 2, 5]
75	117/100	0.125	0.25	['B1', 'B3', 'D5']	['P15', 'm24', 'm10']	[0, 3]	[11, 2]
75	133/100	0.25	0.25	['B2', 'D4', 'D5']	['m10', 'm17', 'P8']	[0, 3]	[11, 2]
75	1.5	0.125	0.25	['B2', 'F4', 'D5']	['d12', 'm17', 'M6']	[0, 3, 6]	[11, 2, 5]
75	167/100	0.25	0.25	['D4', 'D5']	['P8']	[0]	[2]
75	183/100	0.125	0.25	['B3', 'D5']	['m10']	[0, 3]	[11, 2]
75	2.0	0.5	0.25	['G1', 'G2', 'B3', 'F4', 'G5']	['P8', 'M17', 'm21', 'P29', 'M10', 'm14', 'P22', 'd5', 'm13', 'M9']	[0, 2, 6]	[5, 7, 11]
75	217/100	0.125	0.25	['G1', 'G2', 'G4', 'G5']	['P8', 'P22', 'P29', 'P15']	[0]	[7]
75	233/100	0.25	0.25	['A1', 'A2', 'C4', 'F4', 'G5']	['P8', 'm17', 'm20', 'm28', 'm10', 'm13', 'm21', 'P4', 'P12', 'M9']	[0, 2, 4, 7]	[5, 7, 9, 0]
75	2.5	0.125	0.25	['A1', 'A2', 'G4', 'G5']	['P8', 'm21', 'm28', 'm14']	[0, 2]	[7, 9]
75	267/100	0.25	0.25	['B1', 'B2', 'D4', 'F4', 'F5']	['P8', 'm17', 'd19', 'd26', 'm10', 'd12', 'm3']	[0, 3, 6]	[11, 2, 5]
75	283/100	0.125	0.25	['B1', 'B2', 'G4', 'F5']	['P8', 'm20', 'd26', 'm13', 'd19', 'm7']	[0, 2, 6]	[5, 7, 11]
76	1.0	1.0	0.25	['C2', 'C3', 'E4', 'E5']	['P8', 'M17', 'M24', 'M10']	[0, 4]	[0, 4]
76	117/100	0.125	0.25	['C2', 'C3', 'G4', 'E5']	['P8', 'P19', 'M24', 'P12', 'M17', 'M6']	[0, 3, 7]	[0, 4, 7]
76	133/100	0.25	0.25	['D2', 'D3', 'D4', 'D5']	['P8', 'P15', 'P22']	[0]	[2]
76	1.5	0.125	0.25	['D2', 'D3', 'G4', 'D5']	['P8', 'P18', 'P22', 'P11', 'P15', 'P5']	[0, 5]	[2, 7]
76	167/100	0.25	0.25	['E2', 'E3', 'C4', 'C5']	['P8', 'm13', 'm20', 'm6']	[0, 4]	[0, 4]
76	183/100	0.125	0.25	['E2', 'E3', 'G4', 'C5']	['P8', 'm17', 'm20', 'm10', 'm13', 'P4']	[0, 3, 7]	[0, 4, 7]
76	2.0	0.5	0.25	['F2', 'F3', 'B3', 'D4', 'B4']	['P8', 'A11', 'M13', 'A18', 'A4', 'M6', 'm3']	[0, 3, 6]	[11, 2, 5]
76	217/100	0.125	0.25	['F2', 'F3', 'A4', 'B4']	['P8', 'M17', 'A18', 'M10', 'A11', 'M2']	[0, 2, 6]	[5, 9, 11]
76	233/100	0.25	0.25	['E2', 'E3', 'C4', 'E4', 'C5']	['P8', 'm13', 'P15', 'm20', 'm6', 'M3']	[0, 4]	[0, 4]
76	2.5	0.125	0.25	['E2', 'E3', 'A4', 'C5']	['P8', 'P18', 'm20', 'P11', 'm13', 'm3']	[0, 3, 7]	[9, 0, 4]
76	267/100	0.25	0.25	['D2', 'D3', 'B3', 'F4', 'D5']	['P8', 'M13', 'm17', 'P22', 'M6', 'm10', 'P15', 'd5']	[0, 3, 6]	[11, 2, 5]
76	283/100	0.125	0.25	['D2', 'D3', 'A4', 'D5']	['P8', 'P19', 'P22', 'P12', 'P15', 'P4']	[0, 5]	[9, 2]
77	1.0	1.0	0.25	['C2', 'C3', 'A3', 'E5']	['P8', 'M13', 'M24', 'M6', 'M17', 'P12']	[0, 3, 7]	[9, 0, 4]
77	117/100	0.125	0.25	['C2', 'C3', 'C4', 'E5']	['P8', 'P15', 'M24', 'M17', 'M10']	[0, 4]	[0, 4]
77	133/100	0.25	0.25	['C2', 'C3', 'E4', 'E5']	['P8', 'M17', 'M24', 'M10']	[0, 4]	[0, 4]
77	1.5	0.125	0.25	['C2', 'C3', 'A4', 'E5']	['P8', 'M20', 'M24', 'M13', 'M17', 'P5']	[0, 3, 7]	[9, 0, 4]
77	167/100	0.25	0.25	['C2', 'C3', 'E4', 'E5']	['P8', 'M17', 'M24', 'M10']	[0, 4]	[0, 4]
77	183/100	0.125	0.25	['C2', 'C3', 'C4', 'E5']	['P8', 'P15', 'M24', 'M17', 'M10']	[0, 4]	[0, 4]
77	2.0	0.5	0.25	['E2', 'E3', 'B3', 'E5']	['P8', 'P12', 'P22', 'P5', 'P15', 'P11']	[0, 5]	[11, 4]
77	217/100	0.125	0.25	['E2', 'E3', 'D4', 'E5']	['P8', 'm14', 'P22', 'm7', 'P15', 'M9']	[0, 2]	[2, 4]
77	233/100	0.25	0.25	['E2', 'E3', 'E4', 'E5']	['P8', 'P15', 'P22']	[0]	[4]
77	2.5	0.125	0.25	['E2', 'E3', 'G#4', 'E5']	['P8', 'M17', 'P22', 'M10', 'P15', 'm6']	[0, 4]	[4, 8]
77	267/100	0.25	0.25	['E2', 'E3', 'E4', 'G#4']	['P8', 'P15', 'M17', 'M10', 'M3']	[0, 4]	[4, 8]
77	283/100	0.125	0.25	['E2', 'E3', 'D4', 'G#4']	['P8', 'm14', 'M17', 'm7', 'M10', 'A4']	[0, 2, 6]	[2, 4, 8]
78	1.0	1.0	0.25	['A1', 'A2', 'A3', 'A4']	['P8', 'P15', 'P22']	[0]	[9]
78	117/100	0.125	0.25	['A1', 'A2', 'C4', 'A4']	['P8', 'm17', 'P22', 'm10', 'P15', 'M6']	[0, 3]	[9, 0]
78	133/100	0.25	0.25	['C2', 'C3', 'E4', 'A4']	['P8', 'M17', 'M20', 'M10', 'M13', 'P4']	[0, 3, 7]	[9, 0, 4]
78	1.5	0.125	0.25	['C2', 'C3', 'A4']	['P8', 'M20', 'M13']	[0, 3]	[9, 0]
78	167/100	0.25	0.25	['E4']	[]	[0]	[4]
78	183/100	0.125	0.25	['C4']	[]	[0]	[0]
78	2.0	0.5	0.25	['A1', 'A2', 'E3']	['P8', 'P12', 'P5']	[0, 5]	[4, 9]
78	217/100	0.125	0.25	['A1', 'A2', 'A3']	['P8', 'P15']	[0]	[9]
78	233/100	0.25	0.25	['C2', 'C3', 'C4']	['P8', 'P15']	[0]	[0]
78	2.5	0.125	0.25	['C2', 'C3', 'E4']	['P8', 'M17', 'M10']	[0, 4]	[0, 4]
78	267/100	0.25	0.25	['C4']	[]	[0]	[0]
78	283/100	0.125	0.25	['A3']	[]	[0]	[9]
79	1.0	1.0	1.0	['A1', 'E2', 'A2', 'E3', 'G#3', 'D4', 'E4']	['P5', 'P8', 'P12', 'M14', 'P18', 'P19', 'P4', 'M10', 'm14', 'P15', 'M7', 'P11', 'M3', 'm7', 'd5', 'm6', 'M2']	[0, 1, 5, 7]	[2, 4, 8, 9]
79	167/100	0.25	0.5	['A1', 'E2', 'A2', 'E3', 'G#3', 'D4', 'E4']	['P5', 'P8', 'P12', 'M14', 'P18', 'P19', 'P4', 'M10', 'm14', 'P15', 'M7', 'P11', 'M3', 'm7', 'd5', 'm6', 'M2']	[0, 1, 5, 7]	[2, 4, 8, 9]
79	2.0	0.5	1.5	['A1', 'E2', 'A2', 'E3', 'G#3', 'D4', 'E4', 'E5']	['P5', 'P8', 'P12', 'M14', 'P18', 'P19', 'P26', 'P4', 'M10', 'm14', 'P15', 'P22', 'M7', 'P11', 'M3', 'm7', 'd5', 'm6', 'm13', 'M2', 'M9']	[0, 1, 5, 7]	[2, 4, 8, 9]
80	1.0	1.0	1.0	['A1', 'E2', 'A2', 'E3', 'G#3', 'D4', 'E4', 'E5']	['P5', 'P8', 'P12', 'M14', 'P18', 'P19', 'P26', 'P4', 'M10', 'm14', 'P15', 'P22', 'M7', 'P11', 'M3', 'm7', 'd5', 'm6', 'm13', 'M2', 'M9']	[0, 1, 5, 7]	[2, 4, 8, 9]
80	167/100	0.25	0.5	['A1', 'E2', 'A2', 'E3', 'G#3', 'D4', 'E4', 'D5']	['P5', 'P8', 'P12', 'M14', 'P18', 'P19', 'P25', 'P4', 'M10', 'm14', 'P15', 'm21', 'M7', 'P11', 'M3', 'm7', 'd5', 'm6', 'd12', 'M2']	[0, 1, 5, 7]	[2, 4, 8, 9]
80	2.0	0.5	1.0	['A1', 'E2', 'A2', 'E3', 'G#3', 'D4', 'E4', 'C5']	['P5', 'P8', 'P12', 'M14', 'P18', 'P19', 'm24', 'P4', 'M10', 'm14', 'P15', 'm20', 'M7', 'P11', 'm17', 'M3', 'm7', 'm13', 'd5', 'm6', 'd11', 'M2']	[0, 1, 4, 6, 8]	[8, 9, 0, 2, 4]
80	267/100	0.25	0.5	['A1', 'E2', 'A2', 'E3', 'G#3', 'D4', 'E4', 'B4']	['P5', 'P8', 'P12', 'M14', 'P18', 'P19', 'M23', 'P4', 'M10', 'm14', 'P15', 'M7', 'P11', 'M16', 'M3', 'm7', 'd5', 'm6', 'm10', 'M2', 'M6']	[0, 1, 3, 6, 8]	[8, 9, 11, 2, 4]
81	1.0	1.0	0.5	['A1', 'E2', 'A2', 'E3', 'A3', 'C4', 'E4', 'D5']	['P5', 'P8', 'P12', 'P15', 'm17', 'P19', 'P25', 'P4', 'P11', 'm13', 'm21', 'm10', 'P18', 'm6', 'm14', 'm3', 'M3', 'M9', 'm7']	[0, 2, 4, 7]	[9, 0, 2, 4]
81	133/100	0.25	0.5	['A1', 'E2', 'A2', 'E3', 'A3', 'C4', 'E4', 'C5']	['P5', 'P8', 'P12', 'P15', 'm17', 'P19', 'm24', 'P4', 'P11', 'm13', 'm20', 'm10', 'm6', 'm3', 'M3']	[0, 3, 7]	[9, 0, 4]
81	167/100	0.25	0.5	['A1', 'E2', 'A2', 'E3', 'A3', 'C4', 'E4', 'B4']	['P5', 'P8', 'P12', 'P15', 'm17', 'P19', 'M23', 'P4', 'P11', 'm13', 'm10', 'M16', 'm6', 'm3', 'M9', 'M3', 'M7']	[0, 2, 3, 7]	[9, 11, 0, 4]
81	2.0	0.5	1.5	['A1', 'E2', 'A2', 'E3', 'A3', 'C4', 'E4', 'A4']	['P5', 'P8', 'P12', 'P15', 'm17', 'P19', 'P22', 'P4', 'P11', 'm13', 'P18', 'm10', 'm6', 'm3', 'M3', 'M6']	[0, 3, 7]	[9, 0, 4]
82	1.0	1.0	0.25	['A1', 'A2', 'A3']	['P8', 'P15']	[0]	[9]
82	117/100	0.125	0.25	['A1', 'A2', 'C4']	['P8', 'm17', 'm10']	[0, 3]	[9, 0]
82	133/100	0.25	0.25	['C2', 'C3', 'E4']	['P8', 'M17', 'M10']	[0, 4]	[0, 4]
82	1.5	0.125	0.25	['C2', 'C3', 'A4']	['P8', 'M20', 'M13']	[0, 3]	[9, 0]
82	167/100	0.25	0.25	['E4']	[]	[0]	[4]
82	183/100	0.125	0.25	['C4']	[]	[0]	[0]
82	2.0	0.5	0.25	['A1', 'A2', 'E3']	['P8', 'P12', 'P5']	[0, 5]	[4, 9]
82	217/100	0.125	0.25	['A1', 'A2', 'A3']	['P8', 'P15']	[0]	[9]
82	233/100	0.25	0.25	['C2', 'C3', 'C4']	['P8', 'P15']	[0]	[0]
82	2.5	0.125	0.25	['C2', 'C3', 'E4']	['P8', 'M17', 'M10']	[0, 4]	[0, 4]
82	267/100	0.25	0.25	['C4']	[]	[0]	[0]
82	283/100	0.125	0.25	['A3']	[]	[0]	[9]
83	1.0	1.0	1.0	['A1', 'E2', 'A2', 'E3', 'G#3', 'D4', 'E4']	['P5', 'P8', 'P12', 'M14', 'P18', 'P19', 'P4', 'M10', 'm14', 'P15', 'M7', 'P11', 'M3', 'm7', 'd5', 'm6', 'M2']	[0, 1, 5, 7]	[2, 4, 8, 9]
83	167/100	0.25	0.5	['A1', 'E2', 'A2', 'E3', 'G#3', 'D4', 'E4']	['P5', 'P8', 'P12', 'M14', 'P18', 'P19', 'P4', 'M10', 'm14', 'P15', 'M7', 'P11', 'M3', 'm7', 'd5', 'm6', 'M2']	[0, 1, 5, 7]	[2, 4, 8, 9]
83	2.0	0.5	1.5	['A1', 'E2', 'A2', 'E3', 'G#3', 'D4', 'E4', 'E5']	['P5', 'P8', 'P12', 'M14', 'P18', 'P19', 'P26', 'P4', 'M10', 'm14', 'P15', 'P22', 'M7', 'P11', 'M3', 'm7', 'd5', 'm6', 'm13', 'M2', 'M9']	[0, 1, 5, 7]	[2, 4, 8, 9]
84	1.0	1.0	0.5	['A1', 'E2', 'A2', 'E3', 'G#3', 'D4', 'E4', 'E5']	['P5', 'P8', 'P12', 'M14', 'P18', 'P19', 'P26', 'P4', 'M10', 'm14', 'P15', 'P22', 'M7', 'P11', 'M3', 'm7', 'd5', 'm6', 'm13', 'M2', 'M9']	[0, 1, 5, 7]	[2, 4, 8, 9]
84	133/100	0.25	0.5	['A1', 'E2', 'A2', 'E3', 'G#3', 'D4', 'E4', 'F5']	['P5', 'P8', 'P12', 'M14', 'P18', 'P19', 'm27', 'P4', 'M10', 'm14', 'P15', 'm23', 'M7', 'P11', 'm20', 'M3', 'm7', 'm16', 'd5', 'm6', 'd14', 'M2', 'm10', 'm9']	[0, 1, 4, 5, 7]	[2, 4, 5, 8, 9]
84	167/100	0.25	0.5	['A1', 'E2', 'A2', 'E3', 'G#3', 'D4', 'E4', 'E5']	['P5', 'P8', 'P12', 'M14', 'P18', 'P19', 'P26', 'P4', 'M10', 'm14', 'P15', 'P22', 'M7', 'P11', 'M3', 'm7', 'd5', 'm6', 'm13', 'M2', 'M9']	[0, 1, 5, 7]	[2, 4, 8, 9]
84	2.0	0.5	0.5	['A1', 'E2', 'A2', 'E3', 'G#3', 'D4', 'E4', 'D5']	['P5', 'P8', 'P12', 'M14', 'P18', 'P19', 'P25', 'P4', 'M10', 'm14', 'P15', 'm21', 'M7', 'P11', 'M3', 'm7', 'd5', 'm6', 'd12', 'M2']	[0, 1, 5, 7]	[2, 4, 8, 9]
84	233/100	0.25	0.5	['A1', 'E2', 'A2', 'E3', 'G#3', 'D4', 'E4', 'C5']	['P5', 'P8', 'P12', 'M14', 'P18', 'P19', 'm24', 'P4', 'M10', 'm14', 'P15', 'm20', 'M7', 'P11', 'm17', 'M3', 'm7', 'm13', 'd5', 'm6', 'd11', 'M2']	[0, 1, 4, 6, 8]	[8, 9, 0, 2, 4]
84	267/100	0.25	0.5	['A1', 'E2', 'A2', 'E3', 'G#3', 'D4', 'E4', 'B4']	['P5', 'P8', 'P12', 'M14', 'P18', 'P19', 'M23', 'P4', 'M10', 'm14', 'P15', 'M7', 'P11', 'M16', 'M3', 'm7', 'd5', 'm6', 'm10', 'M2', 'M6']	[0, 1, 3, 6, 8]	[8, 9, 11, 2, 4]
85	1.0	1.0	0.5	['A1', 'E2', 'A2', 'E3', 'A3', 'C4', 'E4', 'D5']	['P5', 'P8', 'P12', 'P15', 'm17', 'P19', 'P25', 'P4', 'P11', 'm13', 'm21', 'm10', 'P18', 'm6', 'm14', 'm3', 'M3', 'M9', 'm7']	[0, 2, 4, 7]	[9, 0, 2, 4]
85	133/100	0.25	0.5	['A1', 'E2', 'A2', 'E3', 'A3', 'C4', 'E4', 'C5']	['P5', 'P8', 'P12', 'P15', 'm17', 'P19', 'm24', 'P4', 'P11', 'm13', 'm20', 'm10', 'm6', 'm3', 'M3']	[0, 3, 7]	[9, 0, 4]
85	167/100	0.25	0.5	['A1', 'E2', 'A2', 'E3', 'A3', 'C4', 'E4', 'B4']	['P5', 'P8', 'P12', 'P15', 'm17', 'P19', 'M23', 'P4', 'P11', 'm13', 'm10', 'M16', 'm6', 'm3', 'M9', 'M3', 'M7']	[0, 2, 3, 7]	[9, 11, 0, 4]
85	2.0	0.5	1.5	['A1', 'E2', 'A2', 'E3', 'A3', 'C4', 'E4', 'A4']	['P5', 'P8', 'P12', 'P15', 'm17', 'P19', 'P22', 'P4', 'P11', 'm13', 'P18', 'm10', 'm6', 'm3', 'M3', 'M6']	[0, 3, 7]	[9, 0, 4]
86	1.0	1.0	0.5	['A1', 'E2', 'A2', 'D4']	['P5', 'P8', 'P18', 'P4', 'm14', 'P11']	[0, 2, 7]	[2, 4, 9]
86	133/100	0.25	0.5	['A1', 'E2', 'A2', 'C4']	['P5', 'P8', 'm17', 'P4', 'm13', 'm10']	[0, 3, 7]	[9, 0, 4]
86	167/100	0.25	0.5	['A1', 'E2', 'A2', 'B3']	['P5', 'P8', 'M16', 'P4', 'P12', 'M9']	[0, 2, 7]	[9, 11, 4]
86	2.0	0.5	0.5	['A1', 'E2', 'A2', 'A3']	['P5', 'P8', 'P15', 'P4', 'P11']	[0, 5]	[4, 9]
86	233/100	0.25	0.5	['A1', 'E2', 'A2', 'F3']	['P5', 'P8', 'm13', 'P4', 'm9', 'm6']	[0, 1, 5]	[4, 5, 9]
86	267/100	0.25	0.5	['A1', 'E2', 'A2', 'E3']	['P5', 'P8', 'P12', 'P4']	[0, 5]	[4, 9]
87	1.0	1.0	0.5	['A1', 'E2', 'A2', 'D3']	['P5', 'P8', 'P11', 'P4', 'm7']	[0, 2, 7]	[2, 4, 9]
87	133/100	0.25	0.5	['A1', 'E2', 'A2', 'C3']	['P5', 'P8', 'm10', 'P4', 'm6', 'm3']	[0, 3, 7]	[9, 0, 4]
87	167/100	0.25	0.5	['A1', 'E2', 'A2', 'B2']	['P5', 'P8', 'M9', 'P4', 'M2']	[0, 2, 7]	[9, 11, 4]
87	2.0	0.5	0.5	['A1', 'E2', 'A2']	['P5', 'P8', 'P4']	[0, 5]	[4, 9]
87	233/100	0.25	0.5	['A1', 'E2', 'F2']	['P5', 'm6', 'm2']	[0, 1, 5]	[4, 5, 9]
87	267/100	0.25	0.5	['A1', 'E2']	['P5']	[0, 5]	[4, 9]
88	1.0	1.0	0.5	['A1']	[]	[0]	[9]
88	133/100	0.25	1.0				
88	2.0	0.5	0.5	['E2', 'E3', 'B3', 'D4', 'E4', 'G#4']	['P8', 'P12', 'm14', 'P15', 'M17', 'P5', 'm7', 'M10', 'm3', 'P4', 'M6', 'M2', 'A4', 'M3']	[0, 2, 5, 8]	[8, 11, 2, 4]
88	233/100	0.25	1.0				
89	1.0	1.0	0.5	['A1', 'A2', 'A3', 'C4', 'E4', 'A4']	['P8', 'P15', 'm17', 'P19', 'P22', 'm10', 'P12', 'm3', 'P5', 'M3', 'M6', 'P4']	[0, 3, 7]	[9, 0, 4]
89	133/100	0.25	2.5				
